app_id,submit_time,start_time,end_time,estimated_start_time,estimated_end_time,fair_act,service,num_apps_seen_diff
2,13.037978,13.037978,126.037978,13.037978,126.037978,113.0,113,5.142857142857143
4,21.037978,21.037978,234.037978,21.037978,234.037978,213.0,213,7.222222222222222
11,236.037978,236.037978,357.787978,236.037978,357.787978,121.75,487,13.11111111111111
7,98.037978,98.037978,453.037978,98.037978,453.037978,355.0,355,12.473684210526315
15,331.037978,331.037978,505.037978,331.037978,505.037978,174.0,174,19.95
31,498.037978,498.037978,526.371311,498.037978,526.371311,73.48958333333334,170,27.666666666666668
22,456.037978,456.037978,638.037978,456.037978,638.037978,182.0,182,24.4375
12,247.037978,247.037978,646.037978,247.037978,646.037978,399.0,399,20.586206896551722
9,133.037978,133.037978,696.037978,133.037978,696.037978,563.0,563,20.76923076923077
38,680.037978,680.037978,779.871311,680.037978,779.871311,299.5,599,32.0
5,92.037978,92.037978,830.037978,92.037978,830.037978,738.0,738,21.660377358490567
41,730.037978,730.037978,840.637978,730.037978,840.637978,298.58159722222223,553,34.55555555555556
13,284.037978,284.037978,890.037978,284.037978,890.037978,606.0,606,25.565217391304348
29,494.037978,494.037978,899.037978,494.037978,899.037978,405.0,405,30.896551724137932
8,129.037978,129.037978,901.037978,129.037978,901.037978,772.0,772,24.037037037037038
19,397.037978,397.037978,917.037978,397.037978,917.037978,520.0,520,28.095238095238095
26,479.037978,479.037978,988.037978,479.037978,988.037978,509.0,509,30.56756756756757
39,687.037978,687.037978,989.037978,687.037978,989.037978,478.61607142857144,906,33.80952380952381
10,168.037978,168.037978,1078.037978,168.037978,1078.037978,910.0,910,25.783333333333335
40,712.037978,712.037978,1097.037978,712.037978,1097.037978,385.0,385,33.869565217391305
18,356.037978,356.037978,1115.037978,356.037978,1115.037978,759.0,759,28.471698113207548
43,782.037978,782.037978,1124.037978,782.037978,1124.037978,342.0,342,33.904761904761905
36,651.037978,651.037978,1159.037978,651.037978,1159.037978,508.0,508,32.878787878787875
30,496.037978,496.037978,1187.037978,496.037978,1187.037978,691.0,691,31.568181818181817
51,1019.037978,1019.037978,1187.787978,1019.037978,1187.787978,335.390625,675,31.8
32,545.037978,545.037978,1243.037978,545.037978,1243.037978,698.0,698,31.844444444444445
42,731.037978,731.037978,1274.037978,731.037978,1274.037978,543.0,543,32.90909090909091
34,635.037978,635.037978,1281.037978,635.037978,1281.037978,646.0,646,32.022222222222226
17,352.037978,352.037978,1311.037978,352.037978,1311.037978,959.0,959,28.72463768115942
20,399.037978,399.037978,1321.037978,399.037978,1321.037978,922.0,922,29.53731343283582
45,796.037978,796.037978,1341.037978,796.037978,1341.037978,545.0,545,32.30555555555556
35,648.037978,648.037978,1364.037978,648.037978,1364.037978,716.0,716,31.959183673469386
54,1202.037978,1202.037978,1393.287978,1202.037978,1393.287978,359.39062500000006,765,30.066666666666666
55,1240.037978,1240.037978,1404.787978,1240.037978,1404.787978,308.26269531250006,659,29.9375
23,456.037978,456.037978,1411.037978,456.037978,1411.037978,955.0,955,30.114285714285714
1,8.037978,8.037978,1419.037978,8.037978,1419.037978,1411.0,1411,24.84536082474227
57,1295.037978,1295.037978,1437.704645,1295.037978,1437.704645,193.9375,428,29.0
37,653.037978,653.037978,1560.037978,653.037978,1560.037978,907.0,907,31.203389830508474
48,935.037978,935.037978,1607.037978,935.037978,1607.037978,672.0,672,30.047619047619047
52,1142.037978,1142.037978,1677.037978,1142.037978,1677.037978,535.0,535,29.675
6,95.037978,95.037978,1683.037978,95.037978,1683.037978,1588.0,1588,26.59633027522936
71,1658.037978,1658.037978,1731.037978,1658.037978,1731.037978,73.0,73,34.111111111111114
68,1648.037978,1648.037978,1757.037978,1648.037978,1757.037978,109.0,109,33.42857142857143
25,473.037978,473.037978,1782.037978,473.037978,1782.037978,1309.0,1309,30.638297872340427
66,1579.037978,1579.037978,1866.037978,1579.037978,1866.037978,287.0,287,34.23076923076923
82,1799.037978,1799.037978,1895.037978,1799.037978,1895.037978,96.0,96,40.0
72,1666.037978,1666.037978,1925.037978,1666.037978,1925.037978,259.0,259,36.73913043478261
64,1530.037978,1530.037978,1927.037978,1530.037978,1927.037978,397.0,397,34.588235294117645
50,997.037978,997.037978,1941.037978,997.037978,1941.037978,944.0,944,32.507246376811594
61,1396.037978,1396.037978,1944.037978,1396.037978,1944.037978,548.0,548,33.70454545454545
86,1896.037978,1896.037978,1994.537978,1896.037978,1994.537978,366.73660714285717,591,39.714285714285715
69,1652.037978,1652.037978,2024.037978,1652.037978,2024.037978,372.0,372,36.59375
81,1797.037978,1797.037978,2042.037978,1797.037978,2042.037978,245.0,245,39.0
56,1241.037978,1241.037978,2082.037978,1241.037978,2082.037978,841.0,841,33.44615384615385
67,1648.037978,1648.037978,2106.037978,1648.037978,2106.037978,458.0,458,36.42857142857143
63,1505.037978,1505.037978,2107.037978,1505.037978,2107.037978,602.0,602,35.40816326530612
59,1316.037978,1316.037978,2129.037978,1316.037978,2129.037978,813.0,813,34.064516129032256
80,1793.037978,1793.037978,2134.037978,1793.037978,2134.037978,341.0,341,38.51851851851852
77,1732.037978,1732.037978,2141.037978,1732.037978,2141.037978,409.0,409,37.93939393939394
60,1373.037978,1373.037978,2235.037978,1373.037978,2235.037978,862.0,862,34.453125
87,1928.037978,1928.037978,2259.037978,1928.037978,2259.037978,331.0,331,37.26086956521739
65,1548.037978,1548.037978,2275.037978,1548.037978,2275.037978,727.0,727,35.80701754385965
78,1769.037978,1769.037978,2316.037978,1769.037978,2316.037978,547.0,547,37.57142857142857
93,2142.037978,2142.037978,2486.037978,2142.037978,2486.037978,344.0,344,37.35294117647059
91,2061.037978,2061.037978,2561.037978,2061.037978,2561.037978,500.0,500,37.7037037037037
76,1709.037978,1709.037978,2588.037978,1709.037978,2588.037978,879.0,879,38.10344827586207
70,1654.037978,1654.037978,2595.037978,1654.037978,2595.037978,941.0,941,37.59701492537314
73,1666.037978,1666.037978,2604.037978,1666.037978,2604.037978,938.0,938,37.92307692307692
103,2461.037978,2461.037978,2606.037978,2461.037978,2606.037978,145.0,145,41.916666666666664
99,2298.037978,2298.037978,2649.037978,2298.037978,2649.037978,351.0,351,40.75
84,1827.037978,1827.037978,2669.037978,1827.037978,2669.037978,842.0,842,39.05357142857143
53,1158.037978,1158.037978,2684.204645,1158.037978,2684.204645,5051.958522727273,9157,35.30909090909091
85,1873.037978,1873.037978,2696.037978,1873.037978,2696.037978,823.0,823,39.206896551724135
83,1812.037978,1812.037978,2714.037978,1812.037978,2714.037978,902.0,902,39.34920634920635
95,2194.037978,2194.037978,2767.037978,2194.037978,2767.037978,573.0,573,40.41025641025641
92,2086.037978,2086.037978,2769.037978,2086.037978,2769.037978,683.0,683,39.89795918367347
101,2345.037978,2345.037978,2777.037978,2345.037978,2777.037978,432.0,432,41.90625
21,421.037978,421.037978,2821.037978,421.037978,2821.037978,2400.0,2400,34.205714285714286
117,2746.037978,2746.037978,2841.037978,2746.037978,2841.037978,95.0,95,43.4
104,2466.037978,2466.037978,2841.037978,2466.037978,2841.037978,375.0,375,42.371428571428574
97,2285.037978,2285.037978,2868.037978,2285.037978,2868.037978,583.0,583,41.56521739130435
105,2534.037978,2534.037978,2882.037978,2534.037978,2882.037978,348.0,348,42.58974358974359
96,2253.037978,2253.037978,2891.037978,2253.037978,2891.037978,638.0,638,41.45283018867924
111,2666.037978,2666.037978,2950.037978,2666.037978,2950.037978,284.0,284,43.27272727272727
100,2326.037978,2326.037978,2954.037978,2326.037978,2954.037978,628.0,628,42.55769230769231
110,2623.037978,2623.037978,3048.037978,2623.037978,3048.037978,425.0,425,43.575
94,2159.037978,2159.037978,3065.037978,2159.037978,3065.037978,906.0,906,42.11594202898551
131,3003.037978,3003.037978,3073.371311,3003.037978,3073.371311,157.837890625,211,47.875
132,3039.037978,3039.037978,3109.287978,3039.037978,3109.287978,212.50625,281,48.4
107,2577.037978,2577.037978,3146.037978,2577.037978,3146.037978,569.0,569,44.68333333333333
137,3107.037978,3107.037978,3166.037978,3107.037978,3166.037978,59.0,59,50.875
106,2562.037978,2562.037978,3170.037978,2562.037978,3170.037978,608.0,608,44.84126984126984
135,3068.037978,3068.037978,3181.037978,3068.037978,3181.037978,113.0,113,50.23076923076923
136,3084.037978,3084.037978,3197.037978,3084.037978,3197.037978,113.0,113,50.53333333333333
142,3185.037978,3185.037978,3247.037978,3185.037978,3247.037978,62.0,62,51.285714285714285
98,2291.037978,2291.037978,3252.037978,2291.037978,3252.037978,961.0,961,44.7710843373494
109,2620.037978,2620.037978,3276.037978,2620.037978,3276.037978,656.0,656,46.06060606060606
112,2668.037978,2668.037978,3317.037978,2668.037978,3317.037978,649.0,649,46.6
120,2817.037978,2817.037978,3323.037978,2817.037978,3323.037978,506.0,506,47.94230769230769
130,2992.037978,2992.037978,3341.037978,2992.037978,3341.037978,349.0,349,50.02857142857143
149,3321.037978,3321.037978,3369.787978,3321.037978,3369.787978,156.15234375,195,51.25
139,3119.037978,3119.037978,3397.371311,3119.037978,3397.371311,666.4343749999999,835,51.08
134,3061.037978,3061.037978,3415.037978,3061.037978,3415.037978,354.0,354,50.457142857142856
115,2709.037978,2709.037978,3453.037978,2709.037978,3453.037978,744.0,744,47.492753623188406
148,3287.037978,3287.037978,3456.787978,3287.037978,3456.787978,533.7331730769231,679,50.30769230769231
114,2692.037978,2692.037978,3471.037978,2692.037978,3471.037978,779.0,779,47.4054054054054
152,3439.037978,3439.037978,3505.037978,3439.037978,3505.037978,66.0,66,49.0
124,2869.037978,2869.037978,3526.037978,2869.037978,3526.037978,657.0,657,48.89655172413793
153,3457.037978,3457.037978,3537.037978,3457.037978,3537.037978,80.0,80,48.333333333333336
123,2858.037978,2858.037978,3539.037978,2858.037978,3539.037978,681.0,681,48.645161290322584
138,3112.037978,3112.037978,3565.037978,3112.037978,3565.037978,453.0,453,50.07692307692308
143,3186.037978,3186.037978,3575.037978,3186.037978,3575.037978,389.0,389,49.67741935483871
118,2767.037978,2767.037978,3575.037978,2767.037978,3575.037978,808.0,808,47.72
16,347.037978,347.037978,3577.037978,347.037978,3577.037978,3230.0,3230,37.61752988047809
141,3124.037978,3124.037978,3583.037978,3124.037978,3583.037978,459.0,459,49.325
146,3246.037978,3246.037978,3589.037978,3246.037978,3589.037978,343.0,343,48.21875
151,3410.037978,3410.037978,3623.537978,3410.037978,3623.537978,613.1453125,854,45.95
119,2809.037978,2809.037978,3658.037978,2809.037978,3658.037978,849.0,849,47.1625
145,3226.037978,3226.037978,3664.037978,3226.037978,3664.037978,438.0,438,47.21052631578947
88,2028.037978,2028.037978,3701.037978,2028.037978,3701.037978,1673.0,1673,43.985611510791365
28,493.037978,493.037978,3743.037978,493.037978,3743.037978,3250.0,3250,38.818548387096776
121,2840.037978,2840.037978,3767.037978,2840.037978,3767.037978,927.0,927,46.654761904761905
127,2923.037978,2923.037978,3827.037978,2923.037978,3827.037978,904.0,904,46.93333333333333
74,1691.037978,1691.037978,3849.537978,1691.037978,3849.537978,5782.034539473684,8634,42.85964912280702
162,3854.037978,3854.037978,3879.537978,3854.037978,3879.537978,62.15625,102,39.0
129,2947.037978,2947.037978,3901.037978,2947.037978,3901.037978,954.0,954,46.46153846153846
158,3665.037978,3665.037978,4029.037978,3665.037978,4029.037978,364.0,364,39.526315789473685
147,3282.037978,3282.037978,4057.037978,3282.037978,4057.037978,775.0,775,43.89090909090909
140,3122.037978,3122.037978,4066.037978,3122.037978,4066.037978,944.0,944,45.43055555555556
113,2691.037978,2691.037978,4105.037978,2691.037978,4105.037978,1414.0,1414,45.225
154,3498.037978,3498.037978,4120.437978,3498.037978,4120.437978,2033.7934782608697,3112,41.82608695652174
167,3975.037978,3975.037978,4121.037978,3975.037978,4121.037978,146.0,146,43.57142857142857
150,3381.037978,3381.037978,4151.037978,3381.037978,4151.037978,770.0,770,43.15
62,1452.037978,1452.037978,4199.037978,1452.037978,4199.037978,2747.0,2747,41.90277777777778
163,3886.037978,3886.037978,4232.037978,3886.037978,4232.037978,346.0,346,43.392857142857146
171,4057.037978,4057.037978,4234.037978,4057.037978,4234.037978,177.0,177,45.111111111111114
165,3921.037978,3921.037978,4252.037978,3921.037978,4252.037978,331.0,331,44.111111111111114
174,4097.037978,4097.037978,4305.037978,4097.037978,4305.037978,208.0,208,45.411764705882355
128,2932.037978,2932.037978,4330.037978,2932.037978,4330.037978,1398.0,1398,45.72072072072072
166,3966.037978,3966.037978,4332.037978,3966.037978,4332.037978,366.0,366,44.34375
156,3634.037978,3634.037978,4351.037978,3634.037978,4351.037978,717.0,717,42.44230769230769
125,2874.037978,2874.037978,4391.787978,2874.037978,4391.787978,4323.428099593496,6071,45.577235772357724
3,20.037978,20.037978,4438.037978,20.037978,4438.037978,4418.0,4418,37.22796352583587
183,4331.037978,4331.037978,4465.037978,4331.037978,4465.037978,134.0,134,45.46153846153846
157,3635.037978,3635.037978,4498.037978,3635.037978,4498.037978,863.0,863,43.096774193548384
186,4383.037978,4383.037978,4510.287978,4383.037978,4510.287978,371.96153846153845,509,46.76923076923077
182,4324.037978,4324.037978,4555.037978,4324.037978,4555.037978,231.0,231,45.95238095238095
168,4006.037978,4006.037978,4616.037978,4006.037978,4616.037978,610.0,610,45.36
159,3747.037978,3747.037978,4623.037978,3747.037978,4623.037978,876.0,876,44.04615384615385
190,4456.037978,4456.037978,4633.037978,4456.037978,4633.037978,177.0,177,47.69230769230769
179,4178.037978,4178.037978,4694.037978,4178.037978,4694.037978,516.0,516,46.2972972972973
188,4404.037978,4404.037978,4712.037978,4404.037978,4712.037978,686.7228260869566,924,47.56521739130435
201,4714.037978,4714.037978,4774.037978,4714.037978,4774.037978,60.0,60,50.75
178,4162.037978,4162.037978,4774.037978,4162.037978,4774.037978,612.0,612,46.91489361702128
199,4697.037978,4697.037978,4779.537978,4697.037978,4779.537978,129.421875,165,50.2
195,4597.037978,4597.037978,4784.037978,4597.037978,4784.037978,187.0,187,49.05263157894737
161,3800.037978,3800.037978,4798.037978,3800.037978,4798.037978,998.0,998,45.3875
200,4702.037978,4702.037978,4809.637978,4702.037978,4809.637978,421.6057692307692,538,50.15384615384615
176,4140.037978,4140.037978,4811.037978,4140.037978,4811.037978,671.0,671,47.14035087719298
169,4047.037978,4047.037978,4825.037978,4047.037978,4825.037978,778.0,778,46.57142857142857
172,4073.037978,4073.037978,4855.037978,4073.037978,4855.037978,782.0,782,46.81818181818182
180,4181.037978,4181.037978,4861.037978,4181.037978,4861.037978,680.0,680,47.25454545454546
170,4054.037978,4054.037978,4914.037978,4054.037978,4914.037978,860.0,860,46.54794520547945
184,4363.037978,4363.037978,4945.037978,4363.037978,4945.037978,582.0,582,47.56521739130435
198,4695.037978,4695.037978,4983.037978,4695.037978,4983.037978,430.61538461538464,576,47.84615384615385
207,4945.037978,4945.037978,5062.037978,4945.037978,5062.037978,117.0,117,44.8
185,4371.037978,4371.037978,5072.037978,4371.037978,5072.037978,701.0,701,47.294117647058826
210,5079.037978,5079.037978,5124.037978,5079.037978,5124.037978,45.0,45,45.2
197,4687.037978,4687.037978,5124.037978,4687.037978,5124.037978,437.0,437,47.19444444444444
177,4150.037978,4150.037978,5140.037978,4150.037978,5140.037978,990.0,990,46.61842105263158
214,5136.037978,5136.037978,5173.037978,5136.037978,5173.037978,37.0,37,45.75
196,4638.037978,4638.037978,5184.037978,4638.037978,5184.037978,546.0,546,46.95238095238095
189,4443.037978,4443.037978,5229.037978,4443.037978,5229.037978,786.0,786,46.983333333333334
187,4400.037978,4400.037978,5245.037978,4400.037978,5245.037978,845.0,845,46.92307692307692
193,4507.037978,4507.037978,5258.037978,4507.037978,5258.037978,751.0,751,46.96551724137931
206,4909.037978,4909.037978,5358.037978,4909.037978,5358.037978,449.0,449,45.8235294117647
58,1305.037978,1305.037978,5361.037978,1305.037978,5361.037978,4056.0,4056,42.70347003154574
202,4746.037978,4746.037978,5368.037978,4746.037978,5368.037978,622.0,622,46.92
208,4968.037978,4968.037978,5369.037978,4968.037978,5369.037978,401.0,401,46.333333333333336
213,5116.037978,5116.037978,5438.037978,5116.037978,5438.037978,322.0,322,47.035714285714285
175,4127.037978,4127.037978,5438.037978,4127.037978,5438.037978,1311.0,1311,46.705882352941174
205,4795.037978,4795.037978,5474.037978,4795.037978,5474.037978,679.0,679,46.48979591836735
227,5423.037978,5423.037978,5481.037978,5423.037978,5481.037978,129.95624999999998,174,47.8
203,4747.037978,4747.037978,5493.037978,4747.037978,5493.037978,746.0,746,46.89655172413793
209,4974.037978,4974.037978,5505.037978,4974.037978,5505.037978,531.0,531,46.476190476190474
222,5270.037978,5270.037978,5508.037978,5270.037978,5508.037978,238.0,238,47.63157894736842
219,5236.037978,5236.037978,5513.037978,5236.037978,5513.037978,277.0,277,47.24
89,2028.037978,2028.037978,5622.037978,2028.037978,5622.037978,3594.0,3594,44.775
194,4557.037978,4557.037978,5627.037978,4557.037978,5627.037978,1567.0216049382716,2140,46.864197530864196
232,5618.037978,5618.037978,5686.637978,5618.037978,5686.637978,244.234375,343,45.57142857142857
230,5573.037978,5573.037978,5753.037978,5573.037978,5753.037978,180.0,180,45.2
225,5331.037978,5331.037978,5759.037978,5331.037978,5759.037978,621.4598214285714,856,46.464285714285715
218,5218.037978,5218.037978,5882.037978,5218.037978,5882.037978,664.0,664,46.476190476190474
215,5157.037978,5157.037978,5950.037978,5157.037978,5950.037978,793.0,793,46.326530612244895
217,5210.037978,5210.037978,5998.037978,5210.037978,5998.037978,788.0,788,46.4468085106383
221,5270.037978,5270.037978,6003.037978,5270.037978,6003.037978,733.0,733,46.46341463414634
239,5905.037978,5905.037978,6005.037978,5905.037978,6005.037978,217.18750000000003,300,46.333333333333336
216,5184.037978,5184.037978,6036.037978,5184.037978,6036.037978,852.0,852,46.2962962962963
234,5656.037978,5656.037978,6070.037978,5656.037978,6070.037978,414.0,414,46.130434782608695
47,868.037978,868.037978,6102.037978,868.037978,6102.037978,5234.0,5234,42.38461538461539
246,6066.037978,6066.037978,6134.037978,6066.037978,6134.037978,68.0,68,49.142857142857146
33,625.037978,625.037978,6173.037978,625.037978,6173.037978,5548.0,5548,41.907990314769975
247,6070.037978,6070.037978,6216.037978,6070.037978,6216.037978,146.0,146,49.4
238,5858.037978,5858.037978,6258.537978,5858.037978,6258.537978,596.1145833333333,801,47.629629629629626
250,6176.037978,6176.037978,6274.037978,6176.037978,6274.037978,98.0,98,49.666666666666664
233,5637.037978,5637.037978,6310.037978,5637.037978,6310.037978,673.0,673,47.21052631578947
244,6037.037978,6037.037978,6341.371311,6037.037978,6341.371311,697.656994047619,913,48.904761904761905
236,5779.037978,5779.037978,6369.037978,5779.037978,6369.037978,590.0,590,47.75675675675676
235,5668.037978,5668.037978,6382.037978,5668.037978,6382.037978,714.0,714,47.61904761904762
240,5960.037978,5960.037978,6403.037978,5960.037978,6403.037978,443.0,443,48.15151515151515
192,4504.037978,4504.037978,6407.037978,4504.037978,6407.037978,2801.3866889312976,3806,47.10687022900763
251,6189.037978,6189.037978,6445.037978,6189.037978,6445.037978,256.0,256,48.77777777777778
242,6015.037978,6015.037978,6446.037978,6015.037978,6446.037978,431.0,431,48.36363636363637
24,460.037978,460.037978,6455.037978,460.037978,6455.037978,5995.0,5995,41.78651685393258
228,5486.037978,5486.037978,6457.037978,5486.037978,6457.037978,971.0,971,46.93650793650794
229,5499.037978,5499.037978,6492.037978,5499.037978,6492.037978,993.0,993,46.935483870967744
255,6334.037978,6334.037978,6498.037978,6334.037978,6498.037978,164.0,164,47.266666666666666
241,6014.037978,6014.037978,6562.037978,6014.037978,6562.037978,548.0,548,47.575
243,6023.037978,6023.037978,6571.037978,6023.037978,6571.037978,548.0,548,47.58974358974359
245,6060.037978,6060.037978,6583.037978,6060.037978,6583.037978,523.0,523,47.513513513513516
248,6078.037978,6078.037978,6589.037978,6078.037978,6589.037978,511.0,511,47.05714285714286
254,6315.037978,6315.037978,6615.037978,6315.037978,6615.037978,300.0,300,45.16
249,6128.037978,6128.037978,6679.037978,6128.037978,6679.037978,551.0,551,46.025
257,6422.037978,6422.037978,6871.037978,6422.037978,6871.037978,449.0,449,44.4
259,6510.037978,6510.037978,6919.037978,6510.037978,6919.037978,409.0,409,44.76
252,6202.037978,6202.037978,6971.037978,6202.037978,6971.037978,769.0,769,46.3125
272,6812.037978,6812.037978,6999.037978,6812.037978,6999.037978,187.0,187,50.8
271,6774.037978,6774.037978,7033.037978,6774.037978,7033.037978,259.0,259,50.69230769230769
211,5087.037978,5087.037978,7080.837978,5087.037978,7080.837978,7300.060634328359,9969,46.865671641791046
269,6746.037978,6746.037978,7101.037978,6746.037978,7101.037978,355.0,355,51.18181818181818
108,2581.037978,2581.037978,7102.037978,2581.037978,7102.037978,4521.0,4521,46.142857142857146
280,7063.037978,7063.037978,7143.037978,7063.037978,7143.037978,80.0,80,55.142857142857146
283,7095.037978,7095.037978,7169.037978,7095.037978,7169.037978,74.0,74,56.25
268,6707.037978,6707.037978,7176.037978,6707.037978,7176.037978,469.0,469,52.94285714285714
261,6599.037978,6599.037978,7202.037978,6599.037978,7202.037978,603.0,603,51.08695652173913
274,6881.037978,6881.037978,7218.037978,6881.037978,7218.037978,337.0,337,54.58064516129032
286,7125.037978,7125.037978,7222.837978,7125.037978,7222.837978,441.9807692307692,489,57.84615384615385
237,5845.037978,5845.037978,7224.537978,5845.037978,7224.537978,4228.099877450981,5518,49.03921568627451
262,6600.037978,6600.037978,7236.037978,6600.037978,7236.037978,636.0,636,51.755102040816325
224,5324.037978,5324.037978,7279.371311,5324.037978,7279.371311,4448.748134328359,5866,48.53731343283582
79,1791.037978,1791.037978,7382.037978,1791.037978,7382.037978,5591.0,5591,45.737349397590364
276,6992.037978,6992.037978,7417.037978,6992.037978,7417.037978,425.0,425,55.16216216216216
294,7294.037978,7294.037978,7455.037978,7294.037978,7455.037978,161.0,161,55.714285714285715
267,6693.037978,6693.037978,7564.037978,6693.037978,7564.037978,871.0,871,53.85454545454545
164,3908.037978,3908.037978,7567.037978,3908.037978,7567.037978,3659.0,3659,47.76953125
263,6617.037978,6617.037978,7588.037978,6617.037978,7588.037978,971.0,971,53.095238095238095
75,1709.037978,1709.037978,7618.037978,1709.037978,7618.037978,5909.0,5909,45.919724770642205
292,7193.037978,7193.037978,7642.037978,7193.037978,7642.037978,449.0,449,56.44444444444444
270,6756.037978,6756.037978,7675.037978,6756.037978,7675.037978,919.0,919,54.78688524590164
288,7137.037978,7137.037978,7681.037978,7137.037978,7681.037978,544.0,544,56.80555555555556
44,784.037978,784.037978,7707.037978,784.037978,7707.037978,6923.0,6923,44.20278330019881
287,7137.037978,7137.037978,7726.037978,7137.037978,7726.037978,589.0,589,56.675
273,6854.037978,6854.037978,7726.037978,6854.037978,7726.037978,872.0,872,55.142857142857146
279,7056.037978,7056.037978,7745.037978,7056.037978,7745.037978,689.0,689,55.9622641509434
220,5256.037978,5256.037978,7745.037978,5256.037978,7745.037978,2489.0,2489,49.712574850299404
278,7029.037978,7029.037978,7760.037978,7029.037978,7760.037978,731.0,731,55.64912280701754
284,7101.037978,7101.037978,7767.037978,7101.037978,7767.037978,666.0,666,56.02040816326531
291,7172.037978,7172.037978,7775.037978,7172.037978,7775.037978,603.0,603,55.725
223,5317.037978,5317.037978,7784.037978,5317.037978,7784.037978,2467.0,2467,49.78443113772455
307,7796.037978,7796.037978,7805.787978,7796.037978,7805.787978,29.859375000000004,39,49.0
49,970.037978,970.037978,7820.037978,970.037978,7820.037978,6850.0,6850,44.56237623762376
296,7370.037978,7370.037978,7832.037978,7370.037978,7832.037978,462.0,462,54.0
289,7141.037978,7141.037978,7865.037978,7141.037978,7865.037978,724.0,724,54.51851851851852
282,7078.037978,7078.037978,7899.037978,7078.037978,7899.037978,821.0,821,54.32835820895522
297,7430.037978,7430.037978,7905.037978,7430.037978,7905.037978,475.0,475,52.84615384615385
303,7613.037978,7613.037978,7910.037978,7613.037978,7910.037978,297.0,297,51.53333333333333
277,6993.037978,6993.037978,7912.037978,6993.037978,7912.037978,919.0,919,53.84415584415584
308,7816.037978,7816.037978,7954.037978,7816.037978,7954.037978,138.0,138,48.13333333333333
293,7288.037978,7288.037978,7958.037978,7288.037978,7958.037978,670.0,670,52.450980392156865
301,7575.037978,7575.037978,7988.037978,7575.037978,7988.037978,413.0,413,51.075
181,4297.037978,4297.037978,7990.037978,4297.037978,7990.037978,3693.0,3693,48.65185185185185
281,7074.037978,7074.037978,8035.037978,7074.037978,8035.037978,961.0,961,53.2125
315,7958.037978,7958.037978,8073.637978,7958.037978,8073.637978,418.01785714285717,578,46.285714285714285
266,6686.037978,6686.037978,8103.037978,6686.037978,8103.037978,1417.0,1417,52.16346153846154
300,7512.037978,7512.037978,8109.037978,7512.037978,8109.037978,597.0,597,50.6078431372549
313,7912.037978,7912.037978,8216.037978,7912.037978,8216.037978,304.0,304,46.05882352941177
309,7848.037978,7848.037978,8228.537978,7848.037978,8228.537978,556.2170138888889,761,46.77777777777778
298,7472.037978,7472.037978,8238.037978,7472.037978,8238.037978,766.0,766,50.186440677966104
320,8185.037978,8185.037978,8248.787978,8185.037978,8248.787978,179.296875,255,45.0
295,7354.037978,7354.037978,8296.037978,7354.037978,8296.037978,942.0,942,50.34782608695652
306,7794.037978,7794.037978,8311.037978,7794.037978,8311.037978,517.0,517,46.575
299,7490.037978,7490.037978,8345.037978,7490.037978,8345.037978,855.0,855,49.546875
314,7923.037978,7923.037978,8351.037978,7923.037978,8351.037978,428.0,428,45.30769230769231
256,6356.037978,6356.037978,8353.037978,6356.037978,8353.037978,1997.0,1997,49.91724137931035
323,8295.037978,8295.037978,8371.037978,8295.037978,8371.037978,76.0,76,42.6
318,8093.037978,8093.037978,8417.037978,8093.037978,8417.037978,324.0,324,43.708333333333336
324,8365.037978,8365.037978,8446.371311,8365.037978,8446.371311,326.34999999999997,488,42.8
302,7602.037978,7602.037978,8466.037978,7602.037978,8466.037978,864.0,864,47.66197183098591
316,7988.037978,7988.037978,8512.037978,7988.037978,8512.037978,524.0,524,44.13513513513514
326,8369.037978,8369.037978,8554.037978,8369.037978,8554.037978,185.0,185,44.0
325,8367.037978,8367.037978,8604.787978,8367.037978,8604.787978,662.3035714285714,951,44.57142857142857
330,8445.037978,8445.037978,8624.037978,8445.037978,8624.037978,179.0,179,45.733333333333334
305,7682.037978,7682.037978,8632.037978,7682.037978,8632.037978,950.0,950,46.51948051948052
27,482.037978,482.037978,8635.037978,482.037978,8635.037978,8153.0,8153,43.8671096345515
311,7868.037978,7868.037978,8645.037978,7868.037978,8645.037978,777.0,777,45.28333333333333
321,8235.037978,8235.037978,8648.037978,8235.037978,8648.037978,413.0,413,44.4054054054054
310,7861.037978,7861.037978,8696.037978,7861.037978,8696.037978,835.0,835,45.303030303030305
334,8536.037978,8536.037978,8742.037978,8536.037978,8742.037978,206.0,206,45.77777777777778
344,8791.037978,8791.037978,8881.037978,8791.037978,8881.037978,90.0,90,47.75
275,6917.037978,6917.037978,8892.037978,6917.037978,8892.037978,1975.0,1975,49.785234899328856
346,8849.037978,8849.037978,8922.037978,8849.037978,8922.037978,73.0,73,48.666666666666664
332,8490.037978,8490.037978,8943.037978,8490.037978,8943.037978,453.0,453,46.515151515151516
133,3056.037978,3056.037978,8946.037978,3056.037978,8946.037978,5890.0,5890,47.46896551724138
317,8052.037978,8052.037978,8979.037978,8052.037978,8979.037978,927.0,927,45.35820895522388
345,8812.037978,8812.037978,9014.037978,8812.037978,9014.037978,202.0,202,48.6875
348,8917.037978,8917.037978,9022.037978,8917.037978,9022.037978,105.0,105,48.916666666666664
304,7615.037978,7615.037978,9026.837978,7615.037978,9026.837978,5204.820101351351,7059,47.189189189189186
349,8936.037978,8936.037978,9062.037978,8936.037978,9062.037978,383.625,504,48.714285714285715
191,4503.037978,4503.037978,9066.037978,4503.037978,9066.037978,4563.0,4563,48.148936170212764
331,8490.037978,8490.037978,9119.037978,8490.037978,9119.037978,629.0,629,46.979166666666664
335,8558.037978,8558.037978,9131.037978,8558.037978,9131.037978,573.0,573,47.27906976744186
322,8240.037978,8240.037978,9196.037978,8240.037978,9196.037978,956.0,956,45.89855072463768
342,8703.037978,8703.037978,9262.037978,8703.037978,9262.037978,559.0,559,47.83870967741935
337,8575.037978,8575.037978,9275.037978,8575.037978,9275.037978,700.0,700,47.20454545454545
347,8885.037978,8885.037978,9290.037978,8885.037978,9290.037978,405.0,405,47.84615384615385
338,8598.037978,8598.037978,9334.037978,8598.037978,9334.037978,736.0,736,47.0
343,8787.037978,8787.037978,9354.037978,8787.037978,9354.037978,567.0,567,47.333333333333336
327,8389.037978,8389.037978,9355.037978,8389.037978,9355.037978,966.0,966,46.15873015873016
333,8493.037978,8493.037978,9359.037978,8493.037978,9359.037978,866.0,866,46.339285714285715
339,8651.037978,8651.037978,9362.037978,8651.037978,9362.037978,711.0,711,46.2093023255814
328,8403.037978,8403.037978,9391.037978,8403.037978,9391.037978,988.0,988,45.6865671641791
357,9355.037978,9355.037978,9425.037978,9355.037978,9425.037978,70.0,70,39.0
354,9028.037978,9028.037978,9445.037978,9028.037978,9445.037978,417.0,417,42.90909090909091
126,2921.037978,2921.037978,9524.037978,2921.037978,9524.037978,6603.0,6603,47.17819706498952
360,9480.037978,9480.037978,9562.037978,9480.037978,9562.037978,82.0,82,38.25
351,8959.037978,8959.037978,9594.037978,8959.037978,9594.037978,635.0,635,43.35294117647059
341,8702.037978,8702.037978,9649.037978,8702.037978,9649.037978,947.0,947,44.36538461538461
362,9635.037978,9635.037978,9721.037978,9635.037978,9721.037978,86.0,86,37.714285714285715
14,284.037978,284.037978,9804.037978,284.037978,9804.037978,9520.0,9520,43.255847953216374
366,9706.037978,9706.037978,9846.037978,9706.037978,9846.037978,140.0,140,41.4
0,0.037978,0.037978,9897.037978,0.037978,9897.037978,9897.0,9897,42.41335227272727
355,9061.037978,9061.037978,10021.037978,9061.037978,10021.037978,960.0,960,41.96078431372549
319,8182.037978,8182.037978,10041.037978,8182.037978,10041.037978,1859.0,1859,44.09166666666667
363,9651.037978,9651.037978,10065.037978,9651.037978,10065.037978,414.0,414,43.16
370,9793.037978,9793.037978,10089.037978,9793.037978,10089.037978,296.0,296,45.65
378,9991.037978,9991.037978,10195.037978,9991.037978,10195.037978,204.0,204,48.45454545454545
374,9920.037978,9920.037978,10222.037978,9920.037978,10222.037978,302.0,302,47.4375
368,9752.037978,9752.037978,10226.037978,9752.037978,10226.037978,474.0,474,45.61538461538461
375,9923.037978,9923.037978,10267.037978,9923.037978,10267.037978,344.0,344,47.76190476190476
359,9440.037978,9440.037978,10287.037978,9440.037978,10287.037978,847.0,847,43.714285714285715
369,9756.037978,9756.037978,10320.037978,9756.037978,10320.037978,564.0,564,46.916666666666664
382,10076.037978,10076.037978,10336.037978,10076.037978,10336.037978,260.0,260,49.111111111111114
358,9365.037978,9365.037978,10340.037978,9365.037978,10340.037978,975.0,975,44.05263157894737
102,2357.037978,2357.037978,10379.037978,2357.037978,10379.037978,8022.0,8022,46.63461538461539
372,9824.037978,9824.037978,10416.037978,9824.037978,10416.037978,592.0,592,48.19512195121951
383,10188.037978,10188.037978,10420.037978,10188.037978,10420.037978,232.0,232,49.72
381,10065.037978,10065.037978,10421.037978,10065.037978,10421.037978,356.0,356,49.58620689655172
390,10291.037978,10291.037978,10468.037978,10291.037978,10468.037978,177.0,177,50.88235294117647
361,9505.037978,9505.037978,10494.037978,9505.037978,10494.037978,989.0,989,46.21212121212121
387,10246.037978,10246.037978,10503.037978,10246.037978,10503.037978,257.0,257,50.84615384615385
367,9729.037978,9729.037978,10529.037978,9729.037978,10529.037978,800.0,800,48.10344827586207
392,10363.037978,10363.037978,10534.037978,10363.037978,10534.037978,171.0,171,51.25
386,10246.037978,10246.037978,10540.037978,10246.037978,10540.037978,294.0,294,50.84375
365,9705.037978,9705.037978,10546.037978,9705.037978,10546.037978,841.0,841,47.86153846153846
391,10313.037978,10313.037978,10549.037978,10313.037978,10549.037978,236.0,236,51.074074074074076
350,8938.037978,8938.037978,10554.037978,8938.037978,10554.037978,1616.0,1616,46.06481481481482
373,9910.037978,9910.037978,10580.037978,9910.037978,10580.037978,670.0,670,49.280701754385966
46,799.037978,799.037978,10594.037978,799.037978,10594.037978,9795.0,9795,44.801699716713884
371,9816.037978,9816.037978,10604.037978,9816.037978,10604.037978,788.0,788,48.79365079365079
388,10284.037978,10284.037978,10666.037978,10284.037978,10666.037978,382.0,382,50.07692307692308
384,10245.037978,10245.037978,10692.037978,10245.037978,10692.037978,447.0,447,49.69565217391305
394,10381.037978,10381.037978,10701.537978,10381.037978,10701.537978,497.55040322580646,641,49.67741935483871
403,10570.037978,10570.037978,10746.037978,10570.037978,10746.037978,176.0,176,46.46153846153846
396,10405.037978,10405.037978,10796.037978,10405.037978,10796.037978,391.0,391,49.11764705882353
402,10530.037978,10530.037978,10801.037978,10530.037978,10801.037978,271.0,271,47.43478260869565
397,10425.037978,10425.037978,10801.037978,10425.037978,10801.037978,376.0,376,48.515151515151516
285,7114.037978,7114.037978,10807.037978,7114.037978,10807.037978,3693.0,3693,47.80152671755725
410,10797.037978,10797.037978,10810.787978,10797.037978,10810.787978,39.35937499999999,55,45.8
400,10484.037978,10484.037978,10844.037978,10484.037978,10844.037978,360.0,360,47.542857142857144
380,10017.037978,10017.037978,10858.037978,10017.037978,10858.037978,841.0,841,48.54054054054054
379,10011.037978,10011.037978,10890.037978,10011.037978,10890.037978,879.0,879,48.48684210526316
413,10841.037978,10841.037978,10980.037978,10841.037978,10980.037978,295.646484375,417,45.375
173,4090.037978,4090.037978,11023.037978,4090.037978,11023.037978,6933.0,6933,47.31901840490798
399,10471.037978,10471.037978,11075.037978,10471.037978,11075.037978,604.0,604,47.130434782608695
389,10284.037978,10284.037978,11121.037978,10284.037978,11121.037978,837.0,837,48.11940298507463
409,10792.037978,10792.037978,11183.037978,10792.037978,11183.037978,391.0,391,45.46153846153846
398,10440.037978,10440.037978,11186.037978,10440.037978,11186.037978,746.0,746,47.14545454545455
405,10656.037978,10656.037978,11196.037978,10656.037978,11196.037978,540.0,540,45.7027027027027
408,10722.037978,10722.037978,11197.037978,10722.037978,11197.037978,475.0,475,45.59375
226,5406.037978,5406.037978,11213.037978,5406.037978,11213.037978,5807.0,5807,47.46115288220551
404,10634.037978,10634.037978,11228.037978,10634.037978,11228.037978,594.0,594,45.57142857142857
411,10827.037978,10827.037978,11280.037978,10827.037978,11280.037978,453.0,453,45.34375
417,11018.037978,11018.037978,11298.037978,11018.037978,11298.037978,280.0,280,45.708333333333336
424,11255.037978,11255.037978,11301.037978,11255.037978,11301.037978,46.0,46,46.22222222222222
406,10666.037978,10666.037978,11354.037978,10666.037978,11354.037978,688.0,688,45.867924528301884
336,8569.037978,8569.037978,11359.704645,8569.037978,11359.704645,6033.475,8372,46.12307692307692
414,10845.037978,10845.037978,11502.037978,10845.037978,11502.037978,657.0,657,47.26086956521739
434,11354.037978,11354.037978,11526.037978,11354.037978,11526.037978,565.2708333333333,688,52.583333333333336
432,11341.037978,11341.037978,11554.037978,11341.037978,11554.037978,213.0,213,53.15
415,10949.037978,10949.037978,11596.037978,10949.037978,11596.037978,647.0,647,49.264150943396224
420,11132.037978,11132.037978,11609.037978,11132.037978,11609.037978,477.0,477,50.266666666666666
364,9662.037978,9662.037978,11614.037978,9662.037978,11614.037978,1952.0,1952,48.13907284768212
449,11611.037978,11611.037978,11646.787978,11611.037978,11646.787978,131.08333333333331,143,58.666666666666664
416,10949.037978,10949.037978,11658.037978,10949.037978,11658.037978,709.0,709,50.275862068965516
441,11428.037978,11428.037978,11668.037978,11428.037978,11668.037978,240.0,240,57.421052631578945
443,11528.037978,11528.037978,11687.787978,11528.037978,11687.787978,576.7444852941176,639,57.76470588235294
444,11534.037978,11534.037978,11715.037978,11534.037978,11715.037978,181.0,181,57.77777777777778
418,11036.037978,11036.037978,11724.037978,11036.037978,11724.037978,688.0,688,51.21666666666667
385,10245.037978,10245.037978,11745.037978,10245.037978,11745.037978,1500.0,1500,49.70542635658915
412,10835.037978,10835.037978,11821.037978,10835.037978,11821.037978,986.0,986,50.61842105263158
426,11262.037978,11262.037978,11879.037978,11262.037978,11879.037978,617.0,617,53.64
438,11403.037978,11403.037978,11888.037978,11403.037978,11888.037978,485.0,485,56.47222222222222
419,11086.037978,11086.037978,11932.037978,11086.037978,11932.037978,846.0,846,52.11594202898551
437,11400.037978,11400.037978,11937.037978,11400.037978,11937.037978,537.0,537,56.325
90,2054.037978,2054.037978,11938.037978,2054.037978,11938.037978,9884.0,9884,46.97364771151179
455,11813.037978,11813.037978,11959.037978,11813.037978,11959.037978,146.0,146,55.92307692307692
446,11546.037978,11546.037978,11972.037978,11546.037978,11972.037978,426.0,426,56.705882352941174
447,11569.037978,11569.037978,12069.037978,11569.037978,12069.037978,500.0,500,56.666666666666664
423,11202.037978,11202.037978,12116.037978,11202.037978,12116.037978,914.0,914,53.96103896103896
429,11291.037978,11291.037978,12119.037978,11291.037978,12119.037978,828.0,828,55.21739130434783
427,11262.037978,11262.037978,12155.037978,11262.037978,12155.037978,893.0,893,55.223684210526315
425,11262.037978,11262.037978,12192.037978,11262.037978,12192.037978,930.0,930,55.24691358024691
471,12149.037978,12149.037978,12200.037978,12149.037978,12200.037978,51.0,51,62.714285714285715
439,11406.037978,11406.037978,12201.037978,11406.037978,12201.037978,795.0,795,57.609375
451,11681.037978,11681.037978,12203.037978,11681.037978,12203.037978,522.0,522,57.97727272727273
428,11275.037978,11275.037978,12243.037978,11275.037978,12243.037978,968.0,968,55.926829268292686
470,12134.037978,12134.037978,12254.037978,12134.037978,12254.037978,120.0,120,61.75
453,11804.037978,11804.037978,12265.037978,11804.037978,12265.037978,461.0,461,58.31707317073171
260,6584.037978,6584.037978,12267.037978,6584.037978,12267.037978,5683.0,5683,49.328502415458935
445,11536.037978,11536.037978,12289.037978,11536.037978,12289.037978,753.0,753,58.03076923076923
431,11334.037978,11334.037978,12328.037978,11334.037978,12328.037978,994.0,994,56.752941176470586
435,11375.037978,11375.037978,12337.037978,11375.037978,12337.037978,962.0,962,57.382716049382715
450,11653.037978,11653.037978,12362.037978,11653.037978,12362.037978,709.0,709,58.0
460,11948.037978,11948.037978,12398.037978,11948.037978,12398.037978,450.0,450,59.075
116,2728.037978,2728.037978,12399.037978,2728.037978,12399.037978,9671.0,9671,48.16899441340782
122,2845.037978,2845.037978,12403.037978,2845.037978,12401.037978,9556.0,9556,48.265248226950355
456,11886.037978,11886.037978,12471.037978,11886.037978,12471.037978,585.0,585,58.301886792452834
476,12286.037978,12286.037978,12489.037978,12286.037978,12489.037978,203.0,203,57.5625
452,11693.037978,11693.037978,12508.037978,11693.037978,12508.037978,815.0,815,57.83076923076923
454,11810.037978,11810.037978,12536.037978,11810.037978,12536.037978,726.0,726,57.967213114754095
448,11589.037978,11589.037978,12572.037978,11589.037978,12572.037978,983.0,983,57.734177215189874
144,3188.037978,3188.037978,12592.037978,3188.037978,12572.037978,9384.0,9384,48.41617647058823
458,11889.037978,11889.037978,12616.037978,11889.037978,12616.037978,727.0,727,57.93103448275862
457,11887.037978,11887.037978,12620.037978,11887.037978,12620.037978,733.0,733,57.78688524590164
462,12001.037978,12001.037978,12630.037978,12001.037978,12630.037978,629.0,629,58.01923076923077
469,12097.037978,12097.037978,12633.037978,12097.037978,12633.037978,536.0,536,57.86666666666667
486,12644.037978,12644.037978,12677.037978,12644.037978,12677.037978,52.9375,66,51.333333333333336
463,12014.037978,12014.037978,12680.037978,12014.037978,12680.037978,666.0,666,57.44642857142857
401,10522.037978,10522.037978,12725.037978,10522.037978,12725.037978,2203.0,2203,52.60674157303371
459,11948.037978,11948.037978,12792.037978,11948.037978,12792.037978,844.0,844,56.69117647058823
480,12337.037978,12337.037978,12800.037978,12337.037978,12800.037978,463.0,463,53.74193548387097
264,6647.037978,6647.037978,12847.037978,6647.037978,12847.037978,6200.0,6200,49.92461197339246
467,12092.037978,12092.037978,12879.037978,12092.037978,12879.037978,787.0,787,56.30769230769231
472,12152.037978,12152.037978,12895.037978,12152.037978,12895.037978,743.0,743,55.76271186440678
204,4776.037978,4776.037978,12896.037978,4776.037978,12896.037978,8120.0,8120,49.169520547945204
488,12699.037978,12699.037978,12948.704645,12699.037978,12948.704645,615.953947368421,749,52.63157894736842
482,12411.037978,12411.037978,12955.037978,12411.037978,12955.037978,544.0,544,53.0
490,12727.037978,12727.037978,12991.037978,12727.037978,12991.037978,654.5723684210526,792,52.89473684210526
464,12026.037978,12026.037978,12997.037978,12026.037978,12997.037978,971.0,971,56.02564102564103
499,12980.037978,12980.037978,13058.037978,12980.037978,13058.037978,78.0,78,52.57142857142857
492,12800.037978,12800.037978,13068.037978,12800.037978,13068.037978,268.0,268,53.0
340,8674.037978,8674.037978,13096.037978,8674.037978,13096.037978,4422.0,4422,50.202492211838006
502,13009.037978,13009.037978,13148.037978,13009.037978,13148.037978,139.0,139,53.77777777777778
491,12783.037978,12783.037978,13157.037978,12783.037978,13157.037978,374.0,374,53.096774193548384
479,12334.037978,12334.037978,13171.037978,12334.037978,13171.037978,837.0,837,53.61290322580645
500,12998.037978,12998.037978,13173.037978,12998.037978,13173.037978,175.0,175,53.266666666666666
160,3754.037978,3754.037978,13200.037978,3754.037978,13200.037978,9446.0,9446,48.82627737226277
483,12492.037978,12492.037978,13279.037978,12492.037978,13279.037978,787.0,787,52.827586206896555
495,12857.037978,12857.037978,13344.037978,12857.037978,13344.037978,487.0,487,53.30555555555556
503,13064.037978,13064.037978,13380.037978,13064.037978,13380.037978,316.0,316,53.869565217391305
489,12721.037978,12721.037978,13388.037978,12721.037978,13388.037978,667.0,667,53.35294117647059
487,12655.037978,12655.037978,13412.037978,12655.037978,13412.037978,757.0,757,53.29824561403509
501,12998.037978,12998.037978,13458.037978,12998.037978,13458.037978,460.0,460,54.193548387096776
511,13312.037978,13312.037978,13482.037978,13312.037978,13482.037978,170.0,170,55.69230769230769
510,13265.037978,13265.037978,13487.037978,13265.037978,13487.037978,222.0,222,55.3125
155,3588.037978,3588.037978,13508.037978,3588.037978,13508.037978,9920.0,9920,48.84033613445378
484,12536.037978,12536.037978,13509.037978,12536.037978,13509.037978,973.0,973,53.23943661971831
506,13133.037978,13133.037978,13583.037978,13133.037978,13583.037978,450.0,450,54.15625
521,13569.037978,13569.037978,13636.037978,13569.037978,13636.037978,67.0,67,55.333333333333336
436,11395.037978,11395.037978,13697.037978,11395.037978,13697.037978,2302.0,2302,55.62011173184357
508,13181.037978,13181.037978,13704.371311,13181.037978,13704.371311,1360.8388157894735,1570,55.473684210526315
497,12925.037978,12925.037978,13733.037978,12925.037978,13733.037978,808.0,808,54.67213114754098
505,13131.037978,13131.037978,13745.037978,13131.037978,13745.037978,614.0,614,55.340425531914896
461,11997.037978,11997.037978,13748.037978,11997.037978,13748.037978,3042.2826186131388,3502,55.5985401459854
212,5093.037978,5093.037978,13750.037978,5093.037978,13750.037978,8657.0,8657,49.8421052631579
493,12840.037978,12840.037978,13789.037978,12840.037978,13789.037978,949.0,949,54.828947368421055
524,13626.037978,13626.037978,13790.037978,13626.037978,13790.037978,164.0,164,58.421052631578945
509,13221.037978,13221.037978,13863.037978,13221.037978,13863.037978,642.0,642,56.170212765957444
498,12927.037978,12927.037978,13866.037978,12927.037978,13866.037978,939.0,939,55.16901408450704
529,13680.037978,13680.037978,13889.037978,13680.037978,13889.037978,209.0,209,58.44444444444444
516,13382.037978,13382.037978,13957.037978,13382.037978,13957.037978,575.0,575,56.61904761904762
534,13791.037978,13791.037978,13975.787978,13791.037978,13975.787978,656.8888888888889,739,56.888888888888886
519,13528.037978,13528.037978,14042.037978,13528.037978,14042.037978,514.0,514,57.16216216216216
507,13172.037978,13172.037978,14047.037978,13172.037978,14047.037978,875.0,875,56.03225806451613
523,13595.037978,13595.037978,14068.037978,13595.037978,14068.037978,473.0,473,57.64705882352941
504,13091.037978,13091.037978,14081.037978,13091.037978,14081.037978,990.0,990,55.80821917808219
536,13911.037978,13911.037978,14091.037978,13911.037978,14091.037978,180.0,180,56.57142857142857
541,14076.037978,14076.037978,14115.037978,14076.037978,14115.037978,39.0,39,56.6
539,13996.037978,13996.037978,14122.037978,13996.037978,14122.037978,126.0,126,56.45454545454545
393,10379.037978,10379.037978,14122.037978,10379.037978,14122.037978,3743.0,3743,53.402027027027025
515,13378.037978,13378.037978,14137.037978,13378.037978,14137.037978,759.0,759,56.40983606557377
532,13762.037978,13762.037978,14143.037978,13762.037978,14143.037978,381.0,381,56.266666666666666
543,14136.037978,14136.037978,14246.037978,14136.037978,14246.037978,110.0,110,56.0
526,13638.037978,13638.037978,14250.037978,13638.037978,14250.037978,612.0,612,57.09615384615385
527,13658.037978,13658.037978,14262.037978,13658.037978,14262.037978,604.0,604,57.13461538461539
551,14241.037978,14241.037978,14271.037978,14241.037978,14271.037978,30.0,30,59.57142857142857
522,13585.037978,13585.037978,14302.037978,13585.037978,14302.037978,717.0,717,57.203125
520,13547.037978,13547.037978,14320.037978,13547.037978,14320.037978,773.0,773,57.10294117647059
465,12026.037978,12026.037978,14323.037978,12026.037978,14323.037978,2297.0,2297,56.005405405405405
525,13638.037978,13638.037978,14363.037978,13638.037978,14363.037978,725.0,725,57.453125
518,13519.037978,13519.037978,14383.037978,13519.037978,14383.037978,864.0,864,57.054054054054056
474,12185.037978,12185.037978,14423.037978,12185.037978,14423.037978,2238.0,2238,55.69714285714286
535,13887.037978,13887.037978,14433.037978,13887.037978,14433.037978,546.0,546,57.02127659574468
253,6288.037978,6288.037978,14491.037978,6288.037978,14489.037978,8201.0,8201,50.95888157894737
557,14321.037978,14321.037978,14539.037978,14321.037978,14539.037978,218.0,218,58.2
530,13689.037978,13689.037978,14598.037978,13689.037978,14598.037978,909.0,909,57.62162162162162
547,14176.037978,14176.037978,14606.037978,14176.037978,14606.037978,430.0,430,58.861111111111114
517,13406.037978,13406.037978,14607.371311,13406.037978,14607.371311,3222.454081632653,3604,57.224489795918366
395,10389.037978,10389.037978,14634.037978,10389.037978,14634.037978,4245.0,4245,54.067846607669615
531,13755.037978,13755.037978,14715.037978,13755.037978,14715.037978,960.0,960,57.85526315789474
559,14459.037978,14459.037978,14724.787978,14459.037978,14724.787978,1000.5171130952382,1063,60.23809523809524
533,13766.037978,13766.037978,14728.037978,13766.037978,14728.037978,962.0,962,57.98684210526316
540,14075.037978,14075.037978,14739.037978,14075.037978,14739.037978,664.0,664,58.28333333333333
552,14242.037978,14242.037978,14759.037978,14242.037978,14759.037978,517.0,517,59.61904761904762
565,14557.037978,14557.037978,14768.037978,14557.037978,14768.037978,211.0,211,60.88235294117647
312,7875.037978,7875.037978,14792.037978,7875.037978,14792.037978,6917.0,6917,51.35408560311284
564,14525.037978,14525.037978,14824.037978,14525.037978,14824.037978,299.0,299,60.36363636363637
562,14515.037978,14515.037978,14863.037978,14515.037978,14863.037978,348.0,348,59.82142857142857
556,14291.037978,14291.037978,14890.037978,14291.037978,14890.037978,599.0,599,59.30434782608695
544,14138.037978,14138.037978,14913.037978,14138.037978,14913.037978,775.0,775,58.765625
553,14262.037978,14262.037978,14922.037978,14262.037978,14922.037978,660.0,660,59.25
545,14169.037978,14169.037978,14928.037978,14169.037978,14928.037978,759.0,759,58.921875
537,13958.037978,13958.037978,14932.037978,13958.037978,14932.037978,974.0,974,58.154761904761905
433,11352.037978,11352.037978,14999.037978,11352.037978,14999.037978,3647.0,3647,56.37762237762238
546,14173.037978,14173.037978,15129.037978,14173.037978,15129.037978,956.0,956,58.80882352941177
550,14228.037978,14228.037978,15155.037978,14228.037978,15155.037978,927.0,927,58.96923076923077
549,14211.037978,14211.037978,15189.037978,14211.037978,15189.037978,978.0,978,58.80281690140845
577,14876.037978,14876.037978,15196.037978,14876.037978,15196.037978,320.0,320,57.666666666666664
512,13322.037978,13322.037978,15223.037978,13322.037978,15223.037978,1901.0,1901,57.47945205479452
583,15175.037978,15175.037978,15233.787978,15175.037978,15233.787978,213.427734375,235,58.125
572,14784.037978,14784.037978,15234.037978,14784.037978,15234.037978,450.0,450,57.645161290322584
575,14846.037978,14846.037978,15257.037978,14846.037978,15257.037978,411.0,411,57.7037037037037
563,14520.037978,14520.037978,15259.037978,14520.037978,15259.037978,739.0,739,58.716981132075475
496,12875.037978,12875.037978,15314.037978,12875.037978,15314.037978,2439.0,2439,56.72631578947368
571,14669.037978,14669.037978,15321.037978,14669.037978,15321.037978,652.0,652,58.02040816326531
570,14665.037978,14665.037978,15345.037978,14665.037978,15345.037978,680.0,680,58.09803921568628
561,14470.037978,14470.037978,15346.037978,14470.037978,15346.037978,876.0,876,58.56716417910448
584,15178.037978,15178.037978,15352.037978,15178.037978,15352.037978,174.0,174,57.73913043478261
585,15203.037978,15203.037978,15391.637978,15203.037978,15391.637978,849.2357954545455,943,57.63636363636363
558,14459.037978,14459.037978,15441.037978,14459.037978,15441.037978,982.0,982,58.38961038961039
578,14889.037978,14889.037978,15458.037978,14889.037978,15458.037978,569.0,569,57.65909090909091
554,14279.037978,14279.037978,15458.037978,14279.037978,15458.037978,1179.0,1179,58.43956043956044
593,15309.037978,15309.037978,15478.037978,15309.037978,15478.037978,169.0,169,58.411764705882355
265,6673.037978,6673.037978,15516.037978,6673.037978,15471.037978,8798.0,8798,52.11246200607903
542,14089.037978,14089.037978,15564.037978,14089.037978,15564.037978,1475.0,1475,58.016949152542374
588,15278.037978,15278.037978,15574.037978,15278.037978,15574.037978,296.0,296,57.92307692307692
598,15448.037978,15448.037978,15585.037978,15448.037978,15585.037978,137.0,137,57.4
231,5589.037978,5589.037978,15602.037978,5589.037978,15521.037978,9932.0,9932,51.56771545827633
581,15162.037978,15162.037978,15634.037978,15162.037978,15634.037978,472.0,472,57.2
591,15303.037978,15303.037978,15655.037978,15303.037978,15655.037978,352.0,352,57.266666666666666
574,14837.037978,14837.037978,15716.037978,14837.037978,15716.037978,879.0,879,57.17910447761194
579,15054.037978,15054.037978,15722.037978,15054.037978,15722.037978,668.0,668,56.875
481,12404.037978,12404.037978,15776.037978,12404.037978,15776.037978,3372.0,3372,56.24409448818898
590,15301.037978,15301.037978,15812.037978,15301.037978,15812.037978,511.0,511,56.8780487804878
582,15168.037978,15168.037978,15829.037978,15168.037978,15829.037978,661.0,661,56.85964912280702
352,9007.037978,9007.037978,15845.037978,9007.037978,15845.037978,6838.0,6838,53.119140625
586,15208.037978,15208.037978,15911.037978,15208.037978,15911.037978,703.0,703,56.793103448275865
566,14571.037978,14571.037978,15949.037978,14571.037978,15949.037978,1378.0,1378,57.64705882352941
602,15616.037978,15616.037978,15982.037978,15616.037978,15982.037978,366.0,366,56.12
580,15092.037978,15092.037978,16017.037978,15092.037978,16017.037978,925.0,925,56.891891891891895
605,15663.037978,15663.037978,16026.037978,15663.037978,16026.037978,363.0,363,56.88
555,14290.037978,14290.037978,16062.037978,14290.037978,16062.037978,1772.0,1772,57.84090909090909
569,14654.037978,14654.037978,16090.037978,14654.037978,16090.037978,1436.0,1436,57.51401869158879
589,15298.037978,15298.037978,16136.037978,15298.037978,16136.037978,838.0,838,57.37313432835821
618,16023.037978,16023.037978,16146.371311,16023.037978,16146.371311,345.42968750000006,370,59.75
611,15835.037978,15835.037978,16174.037978,15835.037978,16174.037978,339.0,339,58.76923076923077
609,15798.037978,15798.037978,16175.037978,15798.037978,16175.037978,377.0,377,58.45161290322581
613,15857.037978,15857.037978,16200.037978,15857.037978,16200.037978,343.0,343,59.12
595,15353.037978,15353.037978,16215.037978,15353.037978,16215.037978,862.0,862,57.41935483870968
622,16111.037978,16111.037978,16229.037978,16111.037978,16229.037978,118.0,118,59.90909090909091
592,15309.037978,15309.037978,16253.037978,15309.037978,16253.037978,944.0,944,57.56164383561644
258,6429.037978,6429.037978,16296.837978,6429.037978,16199.037978,9770.0,9770,52.2749658002736
606,15695.037978,15695.037978,16335.037978,15695.037978,16335.037978,640.0,640,57.84444444444444
610,15832.037978,15832.037978,16342.037978,15832.037978,16342.037978,510.0,510,58.21621621621622
614,15869.037978,15869.037978,16343.037978,15869.037978,16343.037978,474.0,474,58.294117647058826
597,15438.037978,15438.037978,16366.037978,15438.037978,16366.037978,928.0,928,57.17391304347826
621,16071.037978,16071.037978,16431.037978,16071.037978,16431.037978,360.0,360,57.869565217391305
599,15475.037978,15475.037978,16439.037978,15475.037978,16439.037978,964.0,964,56.838235294117645
616,15982.037978,15982.037978,16447.037978,15982.037978,16447.037978,465.0,465,57.361111111111114
620,16055.037978,16055.037978,16449.037978,16055.037978,16449.037978,394.0,394,57.064516129032256
607,15732.037978,15732.037978,16499.037978,15732.037978,16499.037978,767.0,767,56.89090909090909
604,15656.037978,15656.037978,16539.037978,15656.037978,16539.037978,883.0,883,56.645161290322584
608,15794.037978,15794.037978,16547.037978,15794.037978,16547.037978,753.0,753,56.69642857142857
603,15635.037978,15635.037978,16593.037978,15635.037978,16593.037978,958.0,958,56.35820895522388
632,16483.037978,16483.037978,16622.037978,16483.037978,16622.037978,139.0,139,52.111111111111114
625,16166.037978,16166.037978,16630.037978,16166.037978,16630.037978,464.0,464,54.59375
615,15953.037978,15953.037978,16635.037978,15953.037978,16635.037978,682.0,682,56.04
612,15847.037978,15847.037978,16699.037978,15847.037978,16699.037978,852.0,852,55.79661016949152
430,11305.037978,11305.037978,16725.037978,11305.037978,16725.037978,5420.0,5420,56.265700483091784
628,16342.037978,16342.037978,16782.037978,16342.037978,16782.037978,440.0,440,52.10344827586207
513,13340.037978,13340.037978,16791.037978,13340.037978,16791.037978,3451.0,3451,56.81992337164751
619,16026.037978,16026.037978,16858.037978,16026.037978,16858.037978,832.0,832,54.654545454545456
633,16509.037978,16509.037978,16880.037978,16509.037978,16880.037978,371.0,371,51.291666666666664
478,12294.037978,12294.037978,16882.037978,12294.037978,16882.037978,4588.0,4588,56.03225806451613
627,16294.037978,16294.037978,16890.037978,16294.037978,16890.037978,596.0,596,52.333333333333336
641,16834.037978,16834.037978,16925.287978,16834.037978,16925.287978,293.140625,365,51.4
636,16666.037978,16666.037978,16967.037978,16666.037978,16967.037978,301.0,301,51.05
623,16121.037978,16121.037978,17010.037978,16121.037978,17010.037978,889.0,889,53.483870967741936
290,7143.037978,7222.837978,17055.837978,7218.037978,17051.037978,9833.0,9833,52.53086419753087
630,16434.037978,16434.037978,17163.037978,16434.037978,17163.037978,729.0,729,51.854166666666664
648,16999.037978,16999.037978,17205.037978,16999.037978,17205.037978,517.0482954545455,618,53.54545454545455
645,16893.037978,16893.037978,17246.037978,16893.037978,17246.037978,353.0,353,53.05
640,16778.037978,16778.037978,17246.037978,16778.037978,17246.037978,468.0,468,52.59375
646,16974.037978,16974.037978,17273.037978,16974.037978,17273.037978,299.0,299,53.73684210526316
329,8420.037978,8420.037978,17275.037978,8420.037978,17275.037978,8855.0,8855,52.89969135802469
651,17050.037978,17050.037978,17298.037978,17050.037978,17298.037978,248.0,248,54.733333333333334
637,16679.037978,16679.037978,17305.037978,16679.037978,17305.037978,626.0,626,52.46341463414634
568,14629.037978,14629.037978,17321.037978,14629.037978,17321.037978,2692.0,2692,55.915789473684214
576,14865.037978,14865.037978,17359.937978,14865.037978,17290.287978,8408.688214285714,9701,55.47428571428571
635,16614.037978,16614.037978,17388.037978,16614.037978,17388.037978,774.0,774,52.13725490196079
657,17240.037978,17240.037978,17404.037978,17240.037978,17404.037978,164.0,164,52.857142857142854
647,16999.037978,16999.037978,17406.037978,16999.037978,17406.037978,407.0,407,53.0
642,16852.037978,16852.037978,17413.037978,16852.037978,17413.037978,561.0,561,52.390243902439025
658,17333.037978,17333.037978,17441.704645,17333.037978,17441.704645,512.7708333333334,652,50.333333333333336
634,16570.037978,16570.037978,17448.037978,16570.037978,17448.037978,878.0,878,51.75
653,17125.037978,17125.037978,17492.037978,17125.037978,17492.037978,367.0,367,52.074074074074076
468,12092.037978,12092.037978,17537.037978,12092.037978,17537.037978,5445.0,5445,55.75609756097561
662,17485.037978,17485.037978,17544.037978,17485.037978,17544.037978,138.53267045454547,177,50.09090909090909
655,17222.037978,17222.037978,17573.037978,17222.037978,17573.037978,351.0,351,51.648648648648646
638,16694.037978,16694.037978,17579.037978,16694.037978,17579.037978,885.0,885,51.79710144927536
654,17138.037978,17138.037978,17594.037978,17138.037978,17594.037978,456.0,456,52.04761904761905
639,16754.037978,16754.037978,17604.037978,16754.037978,17604.037978,850.0,850,51.94285714285714
672,17550.037978,17550.037978,17669.037978,17550.037978,17669.037978,119.0,119,54.6
649,16999.037978,16999.037978,17696.037978,16999.037978,17696.037978,697.0,697,52.4
652,17067.037978,17067.037978,17752.037978,17067.037978,17752.037978,685.0,685,52.40384615384615
473,12161.037978,12161.037978,17770.037978,12161.037978,17770.037978,5609.0,5609,55.56398104265403
356,9097.037978,9097.037978,17791.037978,9097.037978,17791.037978,8694.0,8694,53.308411214953274
548,14182.037978,14182.037978,17847.037978,14182.037978,17847.037978,3665.0,3665,55.681481481481484
669,17538.037978,17538.037978,17858.037978,17538.037978,17858.037978,320.0,320,53.96
678,17752.037978,17752.037978,17866.871311,17752.037978,17866.871311,581.34375,689,54.0
668,17536.037978,17536.037978,17898.037978,17536.037978,17898.037978,362.0,362,53.733333333333334
665,17511.037978,17511.037978,17958.037978,17511.037978,17958.037978,447.0,447,53.34285714285714
659,17357.037978,17357.037978,17967.037978,17357.037978,17967.037978,610.0,610,52.13725490196079
650,17048.037978,17048.037978,17998.037978,17048.037978,17998.037978,950.0,950,52.61971830985915
661,17445.037978,17445.037978,18021.037978,17445.037978,18021.037978,576.0,576,52.4468085106383
656,17239.037978,17239.037978,18083.037978,17239.037978,18083.037978,844.0,844,52.46376811594203
573,14830.037978,14830.037978,18091.037978,14830.037978,18091.037978,3261.0,3261,54.721518987341774
664,17510.037978,17510.037978,18099.037978,17510.037978,18099.037978,589.0,589,53.104166666666664
675,17603.037978,17603.037978,18100.037978,17603.037978,18100.037978,497.0,497,53.36363636363637
660,17388.037978,17388.037978,18112.037978,17388.037978,18112.037978,724.0,724,52.28333333333333
674,17596.037978,17596.037978,18119.037978,17596.037978,18119.037978,523.0,523,53.19444444444444
377,9960.037978,9960.037978,18192.037978,9960.037978,18192.037978,8232.0,8232,54.12759170653907
683,17898.037978,17898.037978,18254.037978,17898.037978,18254.037978,356.0,356,52.30769230769231
670,17548.037978,17548.037978,18270.037978,17548.037978,18270.037978,722.0,722,53.148148148148145
689,18054.037978,18054.037978,18271.037978,18054.037978,18271.037978,356.90789473684214,434,52.63157894736842
667,17525.037978,17525.037978,18288.037978,17525.037978,18288.037978,763.0,763,53.12698412698413
692,18176.037978,18176.037978,18289.037978,18176.037978,18289.037978,113.0,113,53.42857142857143
353,9008.037978,9008.037978,18337.037978,9008.037978,18337.037978,9329.0,9329,53.242816091954026
629,16431.037978,16431.037978,18356.037978,16431.037978,18356.037978,1925.0,1925,52.50335570469799
699,18274.037978,18274.037978,18364.037978,18274.037978,18364.037978,90.0,90,55.75
676,17645.037978,17645.037978,18366.037978,17645.037978,18366.037978,721.0,721,53.559322033898304
663,17501.037978,17501.037978,18367.037978,17501.037978,18367.037978,866.0,866,53.30379746835443
696,18227.037978,18227.037978,18377.437978,18227.037978,18377.437978,648.4880952380953,752,55.19047619047619
697,18268.037978,18268.037978,18387.537978,18268.037978,18387.537978,411.9015625,478,55.15
631,16441.037978,16441.037978,18388.037978,16441.037978,18388.037978,1947.0,1947,52.57236842105263
679,17756.037978,17756.037978,18389.037978,17756.037978,18389.037978,633.0,633,53.48275862068966
477,12286.037978,12286.037978,18391.037978,12286.037978,18391.037978,6105.0,6105,55.16880341880342
698,18271.037978,18271.037978,18427.537978,18271.037978,18427.537978,792.892578125,939,54.041666666666664
701,18298.037978,18298.037978,18443.037978,18298.037978,18443.037978,145.0,145,53.95
671,17548.037978,17548.037978,18470.037978,17548.037978,18470.037978,922.0,922,53.3625
560,14464.037978,14464.037978,18485.037978,14464.037978,18485.037978,4021.0,4021,54.93181818181818
703,18328.037978,18328.037978,18525.037978,18328.037978,18525.037978,197.0,197,52.875
700,18292.037978,18292.037978,18552.037978,18292.037978,18552.037978,260.0,260,52.8
594,15350.037978,15350.037978,18565.037978,15350.037978,18565.037978,3215.0,3215,53.810483870967744
702,18322.037978,18322.037978,18565.537978,18322.037978,18565.537978,800.702620967742,974,52.61290322580645
688,18042.037978,18042.037978,18587.037978,18042.037978,18587.037978,545.0,545,52.689655172413794
422,11184.037978,11184.037978,18621.037978,11184.037978,18621.037978,7437.0,7437,54.936967632027255
376,9956.037978,9956.037978,18631.037978,9956.037978,18631.037978,8675.0,8675,54.00147275405008
685,17999.037978,17999.037978,18665.037978,17999.037978,18665.037978,666.0,666,52.455882352941174
684,17961.037978,17961.037978,18682.037978,17961.037978,18682.037978,721.0,721,52.40277777777778
677,17741.037978,17741.037978,18684.037978,17741.037978,18684.037978,943.0,943,52.53409090909091
693,18203.037978,18203.037978,18705.037978,18203.037978,18705.037978,502.0,502,52.21052631578947
690,18138.037978,18138.037978,18721.037978,18138.037978,18721.037978,583.0,583,52.03225806451613
682,17870.037978,17870.037978,18815.037978,17870.037978,18815.037978,945.0,945,51.95348837209303
687,18025.037978,18025.037978,18829.037978,18025.037978,18829.037978,804.0,804,51.883116883116884
723,18790.037978,18790.037978,18881.037978,18790.037978,18881.037978,287.625,364,50.57142857142857
691,18146.037978,18146.037978,18887.037978,18146.037978,18887.037978,741.0,741,51.736111111111114
708,18417.037978,18417.037978,18898.037978,18417.037978,18898.037978,481.0,481,50.025
725,18843.037978,18843.037978,18941.037978,18843.037978,18941.037978,98.0,98,50.77777777777778
722,18781.037978,18781.037978,18967.037978,18781.037978,18967.037978,186.0,186,50.46666666666667
567,14601.037978,14601.037978,18982.037978,14601.037978,18982.037978,4381.0,4381,54.19705882352941
724,18839.037978,18839.037978,19014.037978,18839.037978,19014.037978,175.0,175,50.733333333333334
695,18209.037978,18209.037978,19030.037978,18209.037978,19030.037978,821.0,821,51.6125
714,18554.037978,18554.037978,19047.037978,18554.037978,19047.037978,493.0,493,50.25581395348837
707,18403.037978,18403.037978,19076.037978,18403.037978,19076.037978,673.0,673,50.333333333333336
475,12278.037978,12278.037978,19149.037978,12278.037978,19149.037978,6871.0,6871,54.63602251407129
712,18538.037978,18538.037978,19176.037978,18538.037978,19176.037978,638.0,638,50.77777777777778
711,18523.037978,18523.037978,19189.037978,18523.037978,19189.037978,666.0,666,50.983050847457626
694,18205.037978,18205.037978,19193.037978,18205.037978,19193.037978,988.0,988,51.927083333333336
717,18605.037978,18605.037978,19221.037978,18605.037978,19221.037978,616.0,616,51.2
710,18499.037978,18499.037978,19248.037978,18499.037978,19248.037978,749.0,749,51.27272727272727
741,19179.037978,19179.037978,19268.637978,19179.037978,19268.637978,385.5833333333333,448,55.083333333333336
713,18551.037978,18551.037978,19272.037978,18551.037978,19272.037978,721.0,721,51.63636363636363
704,18333.037978,18333.037978,19292.037978,18333.037978,19292.037978,959.0,959,51.92307692307692
743,19237.037978,19237.037978,19318.037978,19237.037978,19318.037978,81.0,81,55.2
716,18601.037978,18601.037978,19349.037978,18601.037978,19349.037978,748.0,748,51.87301587301587
715,18592.037978,18592.037978,19397.037978,18592.037978,19397.037978,805.0,805,51.878787878787875
709,18479.037978,18479.037978,19430.037978,18479.037978,19430.037978,951.0,951,51.68354430379747
744,19239.037978,19239.037978,19446.704645,19239.037978,19446.704645,530.8479166666666,623,54.53333333333333
747,19267.037978,19267.037978,19476.037978,19267.037978,19476.037978,209.0,209,53.92307692307692
720,18755.037978,18755.037978,19502.037978,18755.037978,19502.037978,747.0,747,52.38333333333333
727,18905.037978,18905.037978,19506.037978,18905.037978,19506.037978,601.0,601,52.96
617,15990.037978,15990.037978,19538.037978,15990.037978,19538.037978,3548.0,3548,52.825
751,19478.037978,19478.037978,19548.037978,19478.037978,19548.037978,70.0,70,51.333333333333336
739,19132.037978,19132.037978,19558.037978,19132.037978,19558.037978,426.0,426,53.64705882352941
732,19017.037978,19017.037978,19586.037978,19017.037978,19586.037978,569.0,569,52.88
514,13376.037978,13376.037978,19600.037978,13376.037978,19600.037978,6224.0,6224,54.6280487804878
753,19568.037978,19568.037978,19610.787978,19568.037978,19610.787978,135.931640625,171,50.875
745,19243.037978,19243.037978,19654.037978,19243.037978,19654.037978,411.0,411,52.42424242424242
721,18768.037978,18768.037978,19662.037978,18768.037978,19662.037978,894.0,894,52.08
749,19389.037978,19389.037978,19674.037978,19389.037978,19674.037978,285.0,285,51.12
738,19102.037978,19102.037978,19752.037978,19102.037978,19752.037978,650.0,650,52.568627450980394
730,18967.037978,18967.037978,19798.037978,18967.037978,19798.037978,831.0,831,52.27272727272727
734,19045.037978,19045.037978,19799.037978,19045.037978,19799.037978,754.0,754,52.38333333333333
760,19714.037978,19714.037978,19806.037978,19714.037978,19806.037978,360.4017857142857,460,50.142857142857146
729,18934.037978,18934.037978,19816.037978,18934.037978,19816.037978,882.0,882,52.09722222222222
748,19326.037978,19326.037978,19824.037978,19326.037978,19824.037978,498.0,498,50.75675675675676
726,18870.037978,18870.037978,19830.037978,18870.037978,19830.037978,960.0,960,51.77777777777778
742,19187.037978,19187.037978,19856.037978,19187.037978,19856.037978,669.0,669,51.54545454545455
746,19254.037978,19254.037978,19886.037978,19254.037978,19886.037978,632.0,632,50.816326530612244
666,17518.037978,17518.037978,19929.037978,17518.037978,19929.037978,2411.0,2411,51.922330097087375
755,19578.037978,19578.037978,19985.371311,19578.037978,19985.371311,934.3208333333333,1222,48.93333333333333
736,19084.037978,19084.037978,20001.037978,19084.037978,20001.037978,917.0,917,51.15068493150685
421,11135.037978,11135.037978,20014.037978,11135.037978,20014.037978,8879.0,8879,54.26037195994277
735,19045.037978,19045.037978,20035.037978,19045.037978,20035.037978,990.0,990,51.1025641025641
761,19722.037978,19722.037978,20037.037978,19722.037978,20037.037978,315.0,315,47.72
442,11508.037978,11508.037978,20055.037978,11508.037978,20055.037978,8547.0,8547,54.53213751868461
768,19995.037978,19995.037978,20097.704645,19995.037978,20097.704645,448.0,616,46.54545454545455
767,19980.037978,19980.037978,20155.037978,19980.037978,20155.037978,175.0,175,46.529411764705884
686,18015.037978,18015.037978,20158.037978,18015.037978,20158.037978,2143.0,2143,51.11827956989247
764,19834.037978,19834.037978,20212.037978,19834.037978,20212.037978,378.0,378,46.53846153846154
752,19502.037978,19502.037978,20233.037978,19502.037978,20233.037978,731.0,731,48.21052631578947
494,12844.037978,12844.037978,20257.037978,12844.037978,20257.037978,7413.0,7413,53.94809688581315
774,20131.037978,20131.037978,20292.037978,20131.037978,20292.037978,161.0,161,47.142857142857146
528,13662.037978,13662.037978,20304.037978,13662.037978,20304.037978,6642.0,6642,53.88122605363985
769,19997.037978,19997.037978,20322.037978,19997.037978,20322.037978,325.0,325,47.2
762,19780.037978,19780.037978,20388.037978,19780.037978,20388.037978,608.0,608,47.529411764705884
778,20254.037978,20254.037978,20418.037978,20254.037978,20418.037978,164.0,164,49.23529411764706
757,19583.037978,19583.037978,20424.037978,19583.037978,20424.037978,841.0,841,48.24242424242424
756,19579.037978,19579.037978,20430.037978,19579.037978,20430.037978,851.0,851,48.34782608695652
779,20255.037978,20255.037978,20432.037978,20255.037978,20432.037978,177.0,177,49.65
775,20148.037978,20148.037978,20441.037978,20148.037978,20441.037978,447.07758620689657,586,48.827586206896555
781,20279.037978,20279.037978,20458.037978,20279.037978,20458.037978,179.0,179,49.89473684210526
771,20067.037978,20067.037978,20499.037978,20067.037978,20499.037978,432.0,432,48.30769230769231
758,19626.037978,19626.037978,20525.037978,19626.037978,20525.037978,899.0,899,48.178082191780824
790,20469.037978,20469.037978,20530.037978,20469.037978,20530.037978,61.0,61,49.0
754,19569.037978,19569.037978,20531.037978,19569.037978,20531.037978,962.0,962,48.4390243902439
782,20294.037978,20294.037978,20560.037978,20294.037978,20560.037978,266.0,266,49.48148148148148
407,10718.037978,10718.037978,20589.037978,10718.037978,20589.037978,9871.0,9871,53.55798969072165
706,18390.037978,18390.037978,20642.037978,18390.037978,20642.037978,2252.0,2252,50.016216216216215
766,19894.037978,19894.037978,20663.037978,19894.037978,20663.037978,769.0,769,47.96825396825397
795,20560.037978,20560.037978,20674.037978,20560.037978,20674.037978,114.0,114,47.57142857142857
791,20476.037978,20476.037978,20698.037978,20476.037978,20698.037978,222.0,222,48.0
797,20659.037978,20659.037978,20712.037978,20659.037978,20712.037978,53.0,53,47.0
440,11406.037978,11406.037978,20725.037978,11406.037978,20714.037978,9308.0,9308,54.03434065934066
776,20192.037978,20192.037978,20730.037978,20192.037978,20730.037978,538.0,538,48.30612244897959
792,20485.037978,20485.037978,20741.037978,20485.037978,20741.037978,256.0,256,47.333333333333336
705,18340.037978,18340.037978,20772.037978,18340.037978,20772.037978,2432.0,2432,49.94174757281554
673,17553.037978,17553.037978,20820.037978,17553.037978,20820.037978,3267.0,3267,50.64468864468864
785,20354.037978,20354.037978,20854.037978,20354.037978,20854.037978,500.0,500,47.55555555555556
626,16235.037978,16235.037978,20910.037978,16235.037978,20910.037978,4675.0,4675,50.95225464190982
777,20223.037978,20223.037978,20980.037978,20223.037978,20980.037978,757.0,757,47.98529411764706
784,20309.037978,20309.037978,20992.037978,20309.037978,20992.037978,683.0,683,48.186440677966104
810,20883.037978,20883.037978,21000.704645,20883.037978,21000.704645,573.625,706,52.0
813,20972.037978,20972.037978,21007.037978,20972.037978,21007.037978,35.0,35,52.57142857142857
740,19137.037978,19137.037978,21028.037978,19137.037978,21028.037978,1891.0,1891,49.35443037974684
772,20075.037978,20075.037978,21048.037978,20075.037978,21048.037978,973.0,973,48.28735632183908
796,20608.037978,20608.037978,21068.037978,20608.037978,21068.037978,460.0,460,48.285714285714285
798,20686.037978,20686.037978,21104.037978,20686.037978,21104.037978,639.4404761904761,836,48.95238095238095
805,20846.037978,20846.037978,21108.037978,20846.037978,21108.037978,262.0,262,51.206896551724135
765,19876.037978,19876.037978,21125.037978,19876.037978,21125.037978,1249.0,1249,48.4
807,20870.037978,20870.037978,21135.037978,20870.037978,21135.037978,265.0,265,51.86206896551724
823,21126.037978,21126.037978,21170.037978,21126.037978,21170.037978,44.0,44,53.0
814,20991.037978,20991.037978,21172.037978,20991.037978,21172.037978,181.0,181,52.625
821,21083.037978,21083.037978,21203.037978,21083.037978,21203.037978,120.0,120,53.23076923076923
466,12028.037978,12028.037978,21205.371311,12028.037978,21142.037978,9114.0,9114,53.61369863013699
786,20357.037978,20357.037978,21236.037978,20357.037978,21236.037978,879.0,879,49.583333333333336
624,16124.037978,16124.037978,21236.037978,16124.037978,21236.037978,5112.0,5112,51.26428571428571
800,20769.037978,20769.037978,21261.037978,20769.037978,21261.037978,492.0,492,50.64705882352941
822,21087.037978,21087.037978,21314.287978,21087.037978,21314.287978,746.3096590909091,909,52.54545454545455
820,21081.037978,21081.037978,21327.371311,21081.037978,21327.371311,606.441875,739,52.52
812,20972.037978,20972.037978,21328.037978,20972.037978,21328.037978,356.0,356,52.292682926829265
806,20863.037978,20863.037978,21335.037978,20863.037978,21335.037978,472.0,472,51.775510204081634
815,20992.037978,20992.037978,21344.037978,20992.037978,21344.037978,352.0,352,52.1578947368421
827,21220.037978,21220.037978,21366.037978,21220.037978,21366.037978,233.33928571428572,292,51.142857142857146
787,20387.037978,20387.037978,21374.037978,20387.037978,21374.037978,987.0,987,49.694736842105264
793,20508.037978,20508.037978,21447.037978,20508.037978,21447.037978,939.0,939,49.55294117647059
832,21388.037978,21388.037978,21453.037978,21388.037978,21453.037978,242.73437499999997,325,47.8
826,21172.037978,21172.037978,21498.037978,21172.037978,21498.037978,326.0,326,50.12
801,20778.037978,20778.037978,21532.037978,20778.037978,21532.037978,754.0,754,50.39705882352941
803,20807.037978,20807.037978,21543.037978,20807.037978,21543.037978,736.0,736,50.51470588235294
802,20791.037978,20791.037978,21564.037978,20791.037978,21564.037978,773.0,773,50.33802816901409
804,20813.037978,20813.037978,21566.037978,20813.037978,21566.037978,753.0,753,50.457142857142856
830,21302.037978,21302.037978,21570.037978,21302.037978,21570.037978,268.0,268,48.541666666666664
824,21149.037978,21149.037978,21588.037978,21149.037978,21588.037978,439.0,439,49.68421052631579
759,19707.037978,19707.037978,21606.037978,19707.037978,21606.037978,7228.248579545454,9495,48.72121212121212
834,21418.037978,21418.037978,21649.037978,21418.037978,21649.037978,231.0,231,46.666666666666664
818,21036.037978,21036.037978,21654.037978,21036.037978,21654.037978,618.0,618,49.85454545454545
811,20894.037978,20894.037978,21720.037978,20894.037978,21720.037978,826.0,826,49.985915492957744
596,15411.037978,15411.037978,21725.037978,15411.037978,21725.037978,6314.0,6314,51.55992141453831
737,19092.037978,19092.037978,21736.037978,19092.037978,21736.037978,2644.0,2644,49.39013452914798
789,20425.037978,20425.037978,21754.037978,20425.037978,21754.037978,6060.447656249999,7974,48.641666666666666
836,21506.037978,21506.037978,21798.037978,21506.037978,21798.037978,292.0,292,45.2
817,21028.037978,21028.037978,21810.037978,21028.037978,21810.037978,782.0,782,48.81159420289855
844,21739.037978,21739.037978,21812.037978,21739.037978,21812.037978,73.0,73,44.375
819,21068.037978,21068.037978,21871.037978,21068.037978,21871.037978,803.0,803,48.29577464788732
809,20881.037978,20881.037978,21880.037978,20881.037978,21880.037978,999.0,999,48.955555555555556
849,21833.037978,21833.037978,21941.787978,21833.037978,21941.787978,313.4114583333333,435,46.111111111111114
831,21312.037978,21312.037978,21964.037978,21312.037978,21964.037978,652.0,652,46.410714285714285
854,21930.037978,21930.037978,21991.037978,21930.037978,21991.037978,61.0,61,48.375
587,15267.037978,15267.037978,22005.037978,15267.037978,21985.037978,6718.0,6718,51.46279491833031
851,21863.037978,21863.037978,22053.371311,21863.037978,22053.371311,429.24131944444446,571,48.111111111111114
850,21858.037978,21858.037978,22099.037978,21858.037978,22099.037978,241.0,241,48.36363636363637
825,21157.037978,21157.037978,22106.037978,21157.037978,22106.037978,949.0,949,47.90243902439025
485,12628.037978,12628.037978,22167.704644,12628.037978,21979.037978,9351.0,9351,52.713725490196076
860,22026.037978,22026.037978,22168.037978,22026.037978,22168.037978,142.0,142,51.857142857142854
858,21974.037978,21974.037978,22172.037978,21974.037978,22172.037978,198.0,198,51.421052631578945
829,21285.037978,21285.037978,22262.037978,21285.037978,22262.037978,977.0,977,48.34117647058824
835,21475.037978,21475.037978,22264.037978,21475.037978,22264.037978,789.0,789,48.23943661971831
833,21402.037978,21402.037978,22266.037978,21402.037978,22266.037978,864.0,864,48.328947368421055
750,19474.037978,19474.037978,22278.037978,19474.037978,22278.037978,2804.0,2804,48.92338709677419
861,22031.037978,22031.037978,22308.037978,22031.037978,22308.037978,277.0,277,53.61538461538461
840,21619.037978,21619.037978,22324.037978,21619.037978,22324.037978,705.0,705,49.33846153846154
846,21790.037978,21790.037978,22341.037978,21790.037978,22341.037978,551.0,551,50.69090909090909
845,21740.037978,21740.037978,22346.037978,21740.037978,22346.037978,606.0,606,50.55172413793103
865,22132.037978,22132.037978,22368.037978,22132.037978,22368.037978,806.7115384615385,944,54.69230769230769
878,22329.037978,22329.037978,22404.037978,22329.037978,22404.037978,192.18749999999997,225,54.666666666666664
877,22320.037978,22320.037978,22405.037978,22320.037978,22405.037978,85.0,85,54.666666666666664
816,21009.037978,21009.037978,22407.037978,21009.037978,22407.037978,1398.0,1398,50.031007751937985
869,22180.037978,22180.037978,22422.787978,22180.037978,22422.787978,828.6177884615385,971,54.61538461538461
838,21562.037978,21562.037978,22429.037978,21562.037978,22429.037978,867.0,867,49.63095238095238
841,21671.037978,21671.037978,22438.037978,21671.037978,22438.037978,767.0,767,50.22666666666667
601,15616.037978,15616.037978,22457.037978,15616.037978,22401.037978,6785.0,6785,51.303886925795055
828,21227.037978,21227.037978,22464.787978,21227.037978,22464.787978,3835.5054408482147,4951,49.580357142857146
837,21541.037978,21541.037978,22467.037978,21541.037978,22467.037978,926.0,926,49.577777777777776
852,21892.037978,21892.037978,22508.037978,21892.037978,22508.037978,616.0,616,51.9344262295082
867,22154.037978,22154.037978,22512.037978,22154.037978,22512.037978,358.0,358,53.275
874,22260.037978,22260.037978,22563.037978,22260.037978,22563.037978,303.0,303,52.71875
881,22416.037978,22416.037978,22586.037978,22416.037978,22586.037978,170.0,170,49.1875
839,21612.037978,21612.037978,22588.037978,21612.037978,22588.037978,976.0,976,49.66304347826087
853,21902.037978,21902.037978,22616.037978,21902.037978,22616.037978,714.0,714,51.492753623188406
882,22481.037978,22481.037978,22623.704645,22481.037978,22623.704645,639.9423076923077,856,47.84615384615385
884,22556.037978,22556.037978,22628.704645,22556.037978,22628.704645,161.95170454545453,218,47.54545454545455
866,22150.037978,22150.037978,22634.037978,22150.037978,22634.037978,484.0,484,51.905660377358494
538,13984.037978,13984.037978,22652.454644,13984.037978,22420.037978,8436.0,8436,52.374825174825176
864,22102.037978,22102.037978,22659.037978,22102.037978,22659.037978,557.0,557,51.54237288135593
886,22573.037978,22573.037978,22697.537978,22573.037978,22697.537978,363.3245192307693,498,46.69230769230769
863,22095.037978,22095.037978,22713.037978,22095.037978,22713.037978,618.0,618,51.285714285714285
848,21829.037978,21829.037978,22729.037978,21829.037978,22729.037978,900.0,900,50.23255813953488
887,22597.037978,22597.037978,22802.037978,22597.037978,22802.037978,205.0,205,44.8125
870,22232.037978,22232.037978,22807.037978,22232.037978,22807.037978,575.0,575,50.10526315789474
856,21957.037978,21957.037978,22815.037978,21957.037978,22815.037978,858.0,858,50.170731707317074
859,21998.037978,21998.037978,22847.037978,21998.037978,22847.037978,849.0,849,50.063291139240505
794,20545.037978,20545.037978,22850.037978,20545.037978,22850.037978,2305.0,2305,48.87019230769231
857,21968.037978,21968.037978,22853.037978,21968.037978,22853.037978,885.0,885,49.82142857142857
855,21942.037978,21942.037978,22886.037978,21942.037978,22886.037978,944.0,944,49.550561797752806
893,22810.037978,22810.037978,22906.037978,22810.037978,22906.037978,96.0,96,41.666666666666664
888,22624.037978,22624.037978,22912.037978,22624.037978,22912.037978,288.0,288,42.958333333333336
862,22059.037978,22059.037978,22925.037978,22059.037978,22925.037978,866.0,866,48.892857142857146
894,22826.037978,22826.037978,22976.537978,22826.037978,22976.537978,191.9462890625,301,40.8125
872,22252.037978,22252.037978,22980.037978,22252.037978,22980.037978,728.0,728,47.67567567567568
890,22773.037978,22773.037978,23024.371311,22773.037978,23024.371311,489.34263392857144,754,41.535714285714285
903,23005.037978,23005.037978,23034.871311,23005.037978,23034.871311,120.96484375,179,43.25
896,22919.037978,22919.037978,23110.037978,22919.037978,23110.037978,191.0,191,41.705882352941174
871,22234.037978,22234.037978,23116.037978,22234.037978,23116.037978,882.0,882,47.226190476190474
879,22370.037978,22370.037978,23180.037978,22370.037978,23180.037978,810.0,810,45.02857142857143
876,22315.037978,22315.037978,23199.037978,22315.037978,23199.037978,884.0,884,45.8974358974359
680,17829.037978,17829.037978,23200.437978,17829.037978,23145.037978,5316.0,5316,49.43829787234043
873,22252.037978,22252.037978,23226.037978,22252.037978,23226.037978,974.0,974,46.73863636363637
889,22639.037978,22639.037978,23238.037978,22639.037978,23238.037978,599.0,599,42.130434782608695
731,18970.037978,18970.037978,23259.037978,18970.037978,23259.037978,4289.0,4289,48.65945945945946
902,22995.037978,22995.037978,23273.037978,22995.037978,23273.037978,278.0,278,41.95
910,23264.037978,23264.037978,23304.037978,23264.037978,23304.037978,40.0,40,39.75
885,22563.037978,22563.037978,23337.037978,22563.037978,23337.037978,774.0,774,42.58461538461538
908,23165.037978,23165.037978,23340.037978,23165.037978,23340.037978,175.0,175,40.6875
904,23009.037978,23009.037978,23425.037978,23009.037978,23425.037978,416.0,416,41.58064516129032
643,16863.037978,16863.037978,23430.437978,16863.037978,23375.037978,6512.0,6512,49.494661921708186
892,22780.037978,22780.037978,23435.037978,22780.037978,23435.037978,655.0,655,41.54385964912281
905,23070.037978,23070.037978,23440.037978,23070.037978,23440.037978,370.0,370,41.54838709677419
918,23393.037978,23393.037978,23451.787978,23393.037978,23451.787978,158.349609375,235,43.125
901,22972.037978,22972.037978,23520.037978,22972.037978,23520.037978,548.0,548,41.75
891,22776.037978,22776.037978,23537.037978,22776.037978,23537.037978,761.0,761,41.60606060606061
900,22953.037978,22953.037978,23626.037978,22953.037978,23626.037978,673.0,673,41.84
897,22923.037978,22923.037978,23631.037978,22923.037978,23631.037978,708.0,708,41.72727272727273
919,23396.037978,23396.037978,23650.037978,23396.037978,23650.037978,254.0,254,42.8421052631579
915,23372.037978,23372.037978,23678.037978,23372.037978,23678.037978,306.0,306,42.625
644,16879.037978,16879.037978,23691.437978,16879.037978,23598.037978,6719.0,6719,49.27461139896373
917,23382.037978,23382.037978,23726.037978,23382.037978,23726.037978,344.0,344,42.69230769230769
909,23238.037978,23238.037978,23736.037978,23238.037978,23736.037978,498.0,498,41.725
843,21722.037978,21722.037978,23737.037978,21722.037978,23737.037978,2015.0,2015,45.977653631284916
923,23531.037978,23531.037978,23738.037978,23531.037978,23738.037978,207.0,207,42.44444444444444
916,23380.037978,23380.037978,23780.037978,23380.037978,23780.037978,400.0,400,42.40625
929,23712.037978,23712.037978,23806.037978,23712.037978,23806.037978,94.0,94,41.22222222222222
895,22870.037978,22870.037978,23808.037978,22870.037978,23808.037978,938.0,938,41.53947368421053
913,23333.037978,23333.037978,23871.037978,23333.037978,23871.037978,538.0,538,41.666666666666664
934,23832.037978,23832.037978,23896.037978,23832.037978,23896.037978,64.0,64,41.4
928,23708.037978,23708.037978,23905.037978,23708.037978,23905.037978,197.0,197,40.85
927,23639.037978,23639.037978,23910.704645,23639.037978,23910.704645,525.048076923077,815,41.23076923076923
922,23465.037978,23465.037978,23926.037978,23465.037978,23926.037978,461.0,461,41.583333333333336
907,23124.037978,23124.037978,23945.037978,23124.037978,23945.037978,821.0,821,41.4264705882353
924,23552.037978,23552.037978,23990.037978,23552.037978,23990.037978,438.0,438,41.421052631578945
911,23296.037978,23296.037978,23990.037978,23296.037978,23990.037978,694.0,694,41.483870967741936
933,23815.037978,23815.037978,24093.037978,23815.037978,24093.037978,278.0,278,41.608695652173914
875,22269.037978,22269.037978,24110.037978,22269.037978,24110.037978,1841.0,1841,43.955128205128204
925,23558.037978,23558.037978,24148.037978,23558.037978,24148.037978,590.0,590,41.73913043478261
937,23898.037978,23898.037978,24256.037978,23898.037978,24256.037978,358.0,358,42.391304347826086
926,23636.037978,23636.037978,24256.037978,23636.037978,24256.037978,620.0,620,41.829787234042556
914,23346.037978,23346.037978,24260.037978,23346.037978,24260.037978,914.0,914,42.0
921,23457.037978,23457.037978,24276.037978,23457.037978,24276.037978,819.0,819,41.96551724137931
946,24059.037978,24059.037978,24281.037978,24059.037978,24281.037978,222.0,222,43.583333333333336
940,23957.037978,23957.037978,24288.371311,23957.037978,24288.371311,663.40625,994,42.714285714285715
773,20127.037978,20127.037978,24453.037978,20127.037978,24453.037978,4326.0,4326,46.50819672131148
942,23975.037978,23975.037978,24458.037978,23975.037978,24458.037978,483.0,483,42.61538461538461
932,23815.037978,23815.037978,24535.037978,23815.037978,24535.037978,720.0,720,42.229166666666664
939,23939.037978,23939.037978,24551.037978,23939.037978,24551.037978,612.0,612,42.78378378378378
949,24246.037978,24246.037978,24581.037978,24246.037978,24581.037978,335.0,335,43.64
936,23883.037978,23883.037978,24586.037978,23883.037978,24586.037978,703.0,703,42.97959183673469
941,23964.037978,23964.037978,24603.037978,23964.037978,24603.037978,639.0,639,43.525
950,24294.037978,24294.037978,24605.037978,24294.037978,24605.037978,311.0,311,44.285714285714285
961,24572.037978,24572.037978,24605.537978,24572.037978,24605.537978,96.91071428571429,134,46.285714285714285
931,23786.037978,23786.037978,24628.037978,23786.037978,24628.037978,842.0,842,42.65573770491803
955,24469.037978,24469.037978,24706.371311,24469.037978,24706.371311,500.625,712,45.0
930,23736.037978,23736.037978,24730.037978,23736.037978,24730.037978,994.0,994,42.544117647058826
963,24657.037978,24657.037978,24738.037978,24657.037978,24738.037978,81.0,81,42.25
958,24524.037978,24524.037978,24763.037978,24524.037978,24763.037978,239.0,239,44.666666666666664
947,24137.037978,24137.037978,24784.037978,24137.037978,24784.037978,647.0,647,43.23809523809524
938,23908.037978,23908.037978,24786.837978,23908.037978,24786.837978,2942.9094279661017,4394,42.86440677966102
943,23994.037978,23994.037978,24793.037978,23994.037978,24793.037978,799.0,799,43.12
945,24059.037978,24059.037978,24799.537978,24059.037978,24799.537978,1994.8163265306123,2962,43.10204081632653
948,24199.037978,24199.037978,24877.037978,24199.037978,24877.037978,678.0,678,42.702127659574465
965,24779.037978,24779.037978,24880.037978,24779.037978,24880.037978,101.0,101,40.18181818181818
969,24866.037978,24866.037978,24919.704645,24866.037978,24919.704645,102.06249999999999,161,40.57142857142857
960,24570.037978,24570.037978,24962.037978,24570.037978,24962.037978,392.0,392,42.11764705882353
728,18920.037978,18920.037978,25071.037978,18920.037978,25071.037978,6151.0,6151,46.96463654223969
979,25038.037978,25038.037978,25098.537978,25038.037978,25098.537978,179.23125000000002,242,47.4
951,24333.037978,24333.037978,25105.037978,24333.037978,25105.037978,772.0,772,43.089285714285715
954,24417.037978,24417.037978,25106.037978,24417.037978,25106.037978,689.0,689,43.25925925925926
783,20303.037978,20303.037978,25142.037978,20303.037978,25142.037978,4839.0,4839,46.0641975308642
600,15496.037978,15496.037978,25149.771311,15496.037978,24985.037978,9489.0,9489,49.057618437900125
975,24957.037978,24957.037978,25151.037978,24957.037978,25151.037978,194.0,194,45.888888888888886
880,22406.037978,22406.037978,25174.037978,22406.037978,25174.037978,2768.0,2768,43.122727272727275
962,24579.037978,24579.037978,25232.037978,24579.037978,25232.037978,653.0,653,44.13793103448276
988,25184.037978,25184.037978,25235.037978,25184.037978,25235.037978,159.7734375,204,50.125
973,24930.037978,24930.037978,25276.037978,24930.037978,25276.037978,346.0,346,47.30555555555556
985,25161.037978,25161.037978,25286.037978,25161.037978,25286.037978,389.7058823529412,500,49.88235294117647
935,23861.037978,23861.037978,25369.037978,23861.037978,25369.037978,1508.0,1508,44.07017543859649
912,23325.037978,23325.037978,25372.037978,23325.037978,25372.037978,2047.0,2047,43.42767295597484
978,25033.037978,25033.037978,25419.037978,25033.037978,25419.037978,386.0,386,48.65714285714286
956,24494.037978,24494.037978,25446.037978,24494.037978,25446.037978,952.0,952,45.48101265822785
733,19023.037978,19023.037978,25471.037978,19023.037978,25471.037978,6448.0,6448,47.03738317757009
970,24885.037978,24885.037978,25488.037978,24885.037978,25488.037978,603.0,603,47.549019607843135
968,24844.037978,24844.037978,25495.037978,24844.037978,25495.037978,651.0,651,47.05357142857143
998,25424.037978,25424.037978,25535.037978,25424.037978,25535.037978,349.18750000000006,444,50.333333333333336
992,25230.037978,25230.037978,25591.037978,25230.037978,25591.037978,361.0,361,51.04
996,25273.037978,25273.037978,25624.037978,25273.037978,25624.037978,351.0,351,50.85
1004,25631.037978,25631.037978,25706.037978,25631.037978,25706.037978,178.41796875,225,50.75
999,25460.037978,25460.037978,25707.537978,25460.037978,25707.537978,778.271484375,990,50.3125
981,25079.037978,25079.037978,25725.037978,25079.037978,25725.037978,646.0,646,49.44
987,25174.037978,25174.037978,25767.037978,25174.037978,25767.037978,593.0,593,50.475
967,24837.037978,24837.037978,25771.037978,24837.037978,25771.037978,934.0,934,47.602739726027394
972,24902.037978,24902.037978,25803.037978,24902.037978,25803.037978,901.0,901,48.57142857142857
989,25190.037978,25190.037978,25806.037978,25190.037978,25806.037978,616.0,616,50.65909090909091
986,25172.037978,25172.037978,25838.037978,25172.037978,25838.037978,666.0,666,50.40384615384615
1005,25698.037978,25698.037978,25865.037978,25698.037978,25865.037978,167.0,167,50.95
991,25226.037978,25226.037978,25867.037978,25226.037978,25867.037978,641.0,641,50.96
1003,25570.037978,25570.037978,25925.037978,25570.037978,25925.037978,355.0,355,51.13793103448276
1017,25868.037978,25868.037978,25926.037978,25868.037978,25926.037978,58.0,58,53.25
980,25061.037978,25061.037978,25947.037978,25061.037978,25947.037978,886.0,886,50.0
993,25232.037978,25232.037978,25956.037978,25232.037978,25956.037978,724.0,724,51.132075471698116
984,25145.037978,25145.037978,25973.037978,25145.037978,25973.037978,828.0,828,50.47826086956522
1001,25518.037978,25518.037978,26004.037978,25518.037978,26004.037978,486.0,486,51.075
983,25138.037978,25138.037978,26016.037978,25138.037978,26016.037978,878.0,878,50.42666666666667
982,25110.037978,25110.037978,26030.037978,25110.037978,26030.037978,920.0,920,50.38461538461539
1015,25853.037978,25853.037978,26082.037978,25853.037978,26082.037978,229.0,229,52.08695652173913
964,24774.037978,24774.037978,26083.037978,24774.037978,26083.037978,1309.0,1309,48.3716814159292
1016,25865.037978,25865.037978,26102.037978,25865.037978,26102.037978,237.0,237,52.125
1006,25702.037978,25702.037978,26119.037978,25702.037978,26119.037978,417.0,417,51.61363636363637
1026,26068.037978,26068.037978,26179.037978,26068.037978,26179.037978,111.0,111,53.0
1022,26011.037978,26011.037978,26193.037978,26011.037978,26193.037978,182.0,182,52.55555555555556
995,25273.037978,25273.037978,26193.037978,25273.037978,26193.037978,920.0,920,51.486486486486484
997,25411.037978,25411.037978,26220.037978,25411.037978,26220.037978,809.0,809,51.513888888888886
1012,25824.037978,25824.037978,26277.037978,25824.037978,26277.037978,453.0,453,52.47727272727273
1009,25777.037978,25777.037978,26280.037978,25777.037978,26280.037978,503.0,503,52.32
1031,26173.037978,26173.037978,26310.704645,26173.037978,26310.704645,347.9723557692307,413,53.92307692307692
1021,25986.037978,25986.037978,26332.037978,25986.037978,26332.037978,346.0,346,52.87096774193548
906,23099.037978,23099.037978,26343.037978,23099.037978,26343.037978,3244.0,3244,45.89411764705882
1014,25837.037978,25837.037978,26396.037978,25837.037978,26396.037978,559.0,559,52.666666666666664
994,25249.037978,25249.037978,26400.037978,25249.037978,26400.037978,1151.0,1151,51.81318681318681
883,22501.037978,22501.037978,26413.037978,22501.037978,26413.037978,3912.0,3912,45.633440514469456
1024,26059.037978,26059.037978,26429.037978,26059.037978,26429.037978,370.0,370,53.03030303030303
1037,26337.037978,26337.037978,26437.704645,26337.037978,26437.704645,246.94791666666669,302,52.333333333333336
1020,25962.037978,25962.037978,26442.037978,25962.037978,26442.037978,480.0,480,52.58139534883721
944,24040.037978,24040.037978,26453.037978,24040.037978,26453.037978,2413.0,2413,47.973404255319146
1033,26205.037978,26205.037978,26461.037978,26205.037978,26461.037978,256.0,256,52.27272727272727
1035,26246.037978,26246.037978,26503.037978,26246.037978,26503.037978,257.0,257,51.75
1025,26066.037978,26066.037978,26545.037978,26066.037978,26545.037978,479.0,479,51.904761904761905
1032,26197.037978,26197.037978,26604.037978,26197.037978,26604.037978,407.0,407,51.16129032258065
1013,25833.037978,25833.037978,26687.037978,25833.037978,26687.037978,854.0,854,51.75675675675676
1042,26523.037978,26523.037978,26739.037978,26523.037978,26739.037978,216.0,216,51.529411764705884
1028,26120.037978,26120.037978,26766.037978,26120.037978,26766.037978,646.0,646,51.96
1030,26146.037978,26146.037978,26793.037978,26146.037978,26793.037978,647.0,647,52.21568627450981
1011,25782.037978,25782.037978,26797.037978,25782.037978,26797.037978,1015.0,1015,52.14772727272727
920,23451.037978,23451.037978,26799.037978,23451.037978,26799.037978,3348.0,3348,47.20306513409962
899,22937.037978,22937.037978,26814.037978,22937.037978,26814.037978,3877.0,3877,46.50328947368421
1055,26776.037978,26776.037978,26818.037978,26776.037978,26818.037978,42.0,42,55.333333333333336
1023,26019.037978,26019.037978,26858.037978,26019.037978,26858.037978,839.0,839,52.49295774647887
1054,26725.037978,26725.037978,26900.037978,26725.037978,26900.037978,175.0,175,55.578947368421055
1053,26720.037978,26720.037978,26954.037978,26720.037978,26954.037978,234.0,234,56.24
1036,26300.037978,26300.037978,26971.037978,26300.037978,26971.037978,671.0,671,53.275862068965516
1067,26945.037978,26945.037978,26981.037978,26945.037978,26981.037978,36.0,36,60.2
1047,26627.037978,26627.037978,27009.037978,26627.037978,27009.037978,382.0,382,55.972972972972975
1068,26971.037978,26971.037978,27078.037978,26971.037978,27078.037978,107.0,107,59.857142857142854
1058,26817.037978,26817.037978,27084.704645,26817.037978,27084.704645,726.6277173913044,803,57.91304347826087
1062,26890.037978,26890.037978,27122.037978,26890.037978,27122.037978,232.0,232,59.1578947368421
1043,26531.037978,26531.037978,27134.037978,26531.037978,27134.037978,603.0,603,55.64
681,17838.037978,17838.037978,27143.437978,17838.037978,27037.037978,9199.0,9199,48.75672215108835
1060,26863.037978,26863.037978,27161.704645,26863.037978,27161.704645,820.4,896,58.6
1071,27026.037978,27026.037978,27170.037978,27026.037978,27170.037978,265.0909090909091,288,58.90909090909091
1059,26843.037978,26843.037978,27187.037978,26843.037978,27187.037978,344.0,344,58.2
1040,26447.037978,26447.037978,27236.037978,26447.037978,27236.037978,789.0,789,55.43478260869565
1046,26605.037978,26605.037978,27251.037978,26605.037978,27251.037978,646.0,646,56.983333333333334
1075,27207.037978,27207.037978,27255.037978,27207.037978,27255.037978,48.0,48,60.0
1078,27219.037978,27219.037978,27255.437978,27219.037978,27255.437978,173.78472222222226,182,61.111111111111114
1039,26373.037978,26373.037978,27267.037978,26373.037978,27267.037978,894.0,894,55.53658536585366
1061,26879.037978,26879.037978,27286.037978,26879.037978,27286.037978,407.0,407,59.073170731707314
868,22167.037978,22167.037978,27297.037978,22167.037978,27297.037978,5130.0,5130,48.20140515222482
1070,27009.037978,27009.037978,27332.037978,27009.037978,27332.037978,323.0,323,59.193548387096776
1072,27099.037978,27099.037978,27340.037978,27099.037978,27340.037978,241.0,241,59.035714285714285
1038,26351.037978,26351.037978,27382.037978,26351.037978,27382.037978,1031.0,1031,55.714285714285715
770,20000.037978,20000.037978,27401.037978,20000.037978,27401.037978,7401.0,7401,48.411483253588514
1057,26806.037978,26806.037978,27438.037978,26806.037978,27438.037978,632.0,632,58.35
1049,26658.037978,26658.037978,27439.037978,26658.037978,27439.037978,781.0,781,57.70666666666666
1019,25957.037978,25957.037978,27448.371311,25957.037978,27448.371311,3846.9305037313434,4474,55.02985074626866
1069,26985.037978,26985.037978,27471.037978,26985.037978,27471.037978,486.0,486,58.854166666666664
959,24525.037978,24525.037978,27483.037978,24525.037978,27483.037978,2958.0,2958,51.67704280155642
1090,27462.037978,27462.037978,27505.704645,27462.037978,27505.704645,121.021484375,131,59.125
1048,26637.037978,26637.037978,27520.037978,26637.037978,27520.037978,883.0,883,57.79775280898876
1073,27153.037978,27153.037978,27524.037978,27153.037978,27524.037978,371.0,371,58.869565217391305
1050,26661.037978,26661.037978,27524.037978,26661.037978,27524.037978,863.0,863,57.97752808988764
1066,26938.037978,26938.037978,27525.037978,26938.037978,27525.037978,587.0,587,59.046875
1077,27212.037978,27212.037978,27550.037978,27212.037978,27550.037978,338.0,338,59.095238095238095
1092,27468.037978,27468.037978,27558.037978,27468.037978,27558.037978,90.0,90,59.0
1083,27324.037978,27324.037978,27564.037978,27324.037978,27564.037978,240.0,240,58.34375
1084,27331.037978,27331.037978,27571.037978,27331.037978,27571.037978,240.0,240,58.21212121212121
1051,26710.037978,26710.037978,27596.037978,26710.037978,27596.037978,886.0,886,57.92631578947368
1086,27393.037978,27393.037978,27639.037978,27393.037978,27639.037978,246.0,246,57.84375
1081,27247.037978,27247.037978,27653.037978,27247.037978,27653.037978,406.0,406,58.234042553191486
1089,27460.037978,27460.037978,27672.037978,27460.037978,27672.037978,212.0,212,57.48148148148148
1080,27234.037978,27234.037978,27681.037978,27234.037978,27681.037978,447.0,447,58.09615384615385
1095,27509.037978,27509.037978,27683.037978,27509.037978,27683.037978,458.97443181818187,522,56.27272727272727
1063,26895.037978,26895.037978,27693.037978,26895.037978,27693.037978,798.0,798,58.05747126436781
1056,26780.037978,26780.037978,27732.037978,26780.037978,27732.037978,952.0,952,57.633663366336634
1074,27165.037978,27165.037978,27811.037978,27165.037978,27811.037978,646.0,646,57.50684931506849
1109,27791.037978,27791.037978,27845.037978,27791.037978,27845.037978,54.0,54,58.666666666666664
1091,27465.037978,27465.037978,27847.037978,27465.037978,27847.037978,382.0,382,56.75
799,20748.037978,20748.037978,27885.287978,20748.037978,27874.037978,7126.0,7126,49.21266233766234
1079,27233.037978,27233.037978,27932.037978,27233.037978,27932.037978,699.0,699,57.83116883116883
1096,27516.037978,27516.037978,27979.037978,27516.037978,27979.037978,463.0,463,57.319148936170215
1076,27207.037978,27207.037978,27999.037978,27207.037978,27999.037978,792.0,792,58.11764705882353
1112,27837.037978,27837.037978,28006.037978,27837.037978,28006.037978,169.0,169,60.9375
1105,27738.037978,27738.037978,28041.037978,27738.037978,28041.037978,303.0,303,59.53846153846154
1106,27748.037978,27748.037978,28067.037978,27748.037978,28067.037978,896.0798611111111,957,59.925925925925924
1118,27935.037978,27935.037978,28068.037978,27935.037978,28068.037978,133.0,133,62.09090909090909
1087,27399.037978,27399.037978,28078.037978,27399.037978,28078.037978,679.0,679,58.08450704225352
1088,27400.037978,27400.037978,28100.037978,27400.037978,28100.037978,700.0,700,58.098591549295776
808,20876.037978,20876.037978,28155.287978,20876.037978,28117.037978,7241.0,7241,49.62479871175523
1094,27493.037978,27493.037978,28157.037978,27493.037978,28157.037978,664.0,664,58.0
1110,27794.037978,27794.037978,28187.037978,27794.037978,28187.037978,393.0,393,60.13333333333333
1104,27689.037978,27689.037978,28214.037978,27689.037978,28214.037978,525.0,525,58.92307692307692
1093,27471.037978,27471.037978,28214.037978,27471.037978,28214.037978,743.0,743,57.92537313432836
1098,27565.037978,27565.037978,28232.037978,27565.037978,28232.037978,667.0,667,57.61818181818182
1099,27631.037978,27631.037978,28262.037978,27631.037978,28262.037978,631.0,631,57.679245283018865
1122,28041.037978,28041.037978,28335.037978,28041.037978,28335.037978,294.0,294,56.94117647058823
718,18696.037978,18696.037978,28350.287978,18696.037978,28270.037978,9574.0,9574,49.6564039408867
1103,27687.037978,27687.037978,28354.037978,27687.037978,28354.037978,667.0,667,57.91836734693877
1108,27788.037978,27788.037978,28386.037978,27788.037978,28386.037978,598.0,598,58.29545454545455
1116,27899.037978,27899.037978,28387.037978,27899.037978,28387.037978,488.0,488,57.96969696969697
1102,27682.037978,27682.037978,28387.037978,27682.037978,28387.037978,705.0,705,57.32727272727273
990,25194.037978,25194.037978,28433.037978,25194.037978,28433.037978,3239.0,3239,54.85920577617328
1018,25878.037978,25878.037978,28443.037978,25878.037978,28443.037978,2565.0,2565,55.743362831858406
1119,27949.037978,27949.037978,28449.037978,27949.037978,28449.037978,500.0,500,56.470588235294116
1100,27633.037978,27633.037978,28457.037978,27633.037978,28457.037978,824.0,824,56.484848484848484
1115,27867.037978,27867.037978,28476.037978,27867.037978,28476.037978,609.0,609,56.666666666666664
1010,25780.037978,25780.037978,28479.037978,25780.037978,28479.037978,2699.0,2699,55.390946502057616
1113,27864.037978,27864.037978,28488.037978,27864.037978,28488.037978,624.0,624,56.26086956521739
1111,27825.037978,27825.037978,28539.037978,27825.037978,28539.037978,714.0,714,56.01923076923077
971,24887.037978,24887.037978,28545.037978,24887.037978,28545.037978,3658.0,3658,53.72698412698413
1114,27864.037978,27864.037978,28592.037978,27864.037978,28592.037978,728.0,728,55.0
1101,27677.037978,27677.037978,28593.037978,27677.037978,28593.037978,916.0,916,55.056338028169016
1127,28358.037978,28358.037978,28639.037978,28358.037978,28639.037978,281.0,281,47.15
1126,28312.037978,28312.037978,28686.037978,28312.037978,28686.037978,374.0,374,47.7037037037037
1121,28030.037978,28030.037978,28710.037978,28030.037978,28710.037978,680.0,680,51.21739130434783
976,24968.037978,24968.037978,28726.037978,24968.037978,28726.037978,3758.0,3758,53.590625
1117,27905.037978,27905.037978,28740.037978,27905.037978,28740.037978,835.0,835,52.35087719298246
1132,28639.037978,28639.037978,28754.037978,28639.037978,28754.037978,115.0,115,43.22222222222222
788,20395.037978,20395.037978,28767.954645,20395.037978,28629.037978,8234.0,8234,49.38028169014085
1139,28801.037978,28801.037978,28836.037978,28801.037978,28836.037978,35.0,35,44.333333333333336
1134,28686.037978,28686.037978,28926.371311,28686.037978,28926.371311,493.0367647058823,721,43.76470588235294
1120,27971.037978,27971.037978,28930.037978,27971.037978,28930.037978,959.0,959,50.15151515151515
719,18697.037978,18697.037978,28947.037978,18697.037978,28694.037978,9997.0,9997,49.447953216374266
763,19827.037978,19827.037978,29059.371311,19827.037978,28712.037978,8885.0,8885,49.187012987012984
1141,28852.037978,28852.037978,29109.037978,28852.037978,29109.037978,257.0,257,47.0625
1138,28767.037978,28767.037978,29137.037978,28767.037978,29137.037978,370.0,370,46.875
1140,28828.037978,28828.037978,29152.037978,28828.037978,29152.037978,324.0,324,47.54545454545455
1130,28567.037978,28567.037978,29162.037978,28567.037978,29162.037978,595.0,595,45.523809523809526
1123,28162.037978,28162.037978,29216.037978,28162.037978,29216.037978,1054.0,1054,47.77142857142857
1146,29017.037978,29017.037978,29222.537978,29017.037978,29222.537978,633.357421875,822,49.3125
1129,28490.037978,28490.037978,29230.037978,28490.037978,29230.037978,740.0,740,45.76
1125,28307.037978,28307.037978,29267.037978,28307.037978,29267.037978,960.0,960,47.072463768115945
1082,27251.037978,27255.037978,29280.337978,27255.037978,29280.337978,6748.713795731706,8100,53.323170731707314
1135,28716.037978,28716.037978,29304.037978,28716.037978,29304.037978,588.0,588,46.73170731707317
1144,28941.037978,28941.037978,29339.037978,28941.037978,29339.037978,398.0,398,48.407407407407405
1137,28765.037978,28765.037978,29467.037978,28765.037978,29467.037978,702.0,702,47.43181818181818
1131,28610.037978,28610.037978,29489.037978,28610.037978,29489.037978,879.0,879,46.58620689655172
1097,27556.037978,27556.037978,29534.037978,27556.037978,29534.037978,1978.0,1978,51.55244755244755
1148,29041.037978,29041.037978,29550.037978,29041.037978,29550.037978,509.0,509,49.31428571428572
1145,28947.037978,28947.037978,29580.037978,28947.037978,29580.037978,633.0,633,49.1025641025641
1065,26926.037978,26926.037978,29611.037978,26926.037978,29611.037978,2685.0,2685,53.83177570093458
1156,29265.037978,29265.037978,29666.037978,29265.037978,29666.037978,401.0,401,49.69230769230769
1162,29455.037978,29455.037978,29685.037978,29455.037978,29685.037978,230.0,230,51.22222222222222
1142,28884.037978,28884.037978,29686.037978,28884.037978,29686.037978,802.0,802,49.148148148148145
1154,29221.037978,29221.037978,29714.537978,29221.037978,29714.537978,769.3312500000001,987,49.885714285714286
1149,29068.037978,29068.037978,29737.037978,29068.037978,29737.037978,669.0,669,49.95652173913044
1165,29514.037978,29514.037978,29740.037978,29514.037978,29740.037978,226.0,226,51.421052631578945
847,21800.037978,21800.037978,29744.037978,21800.037978,29730.037978,7930.0,7930,49.483821263482284
1163,29480.037978,29480.037978,29745.037978,29480.037978,29745.037978,265.0,265,51.125
1173,29739.037978,29739.037978,29800.037978,29739.037978,29800.037978,61.0,61,49.875
1151,29089.037978,29089.037978,29832.037978,29089.037978,29832.037978,743.0,743,49.9811320754717
1152,29120.037978,29120.037978,29833.037978,29120.037978,29833.037978,713.0,713,49.94230769230769
898,22923.037978,22923.037978,29863.037978,22923.037978,29863.037978,6940.0,6940,49.643115942028984
1167,29603.037978,29603.037978,29893.037978,29603.037978,29893.037978,457.9583333333333,580,50.53333333333333
1155,29226.037978,29226.037978,29946.037978,29226.037978,29946.037978,720.0,720,50.29824561403509
1174,29757.037978,29757.037978,29952.037978,29757.037978,29952.037978,471.9886363636363,585,51.63636363636363
1184,29917.037978,29917.037978,29954.037978,29917.037978,29954.037978,128.0546875,148,55.375
1178,29866.037978,29866.037978,29961.037978,29866.037978,29961.037978,95.0,95,53.3125
1176,29760.037978,29760.037978,29974.037978,29760.037978,29974.037978,214.0,214,52.34782608695652
1158,29355.037978,29355.037978,30004.037978,29355.037978,30004.037978,649.0,649,51.37931034482759
1143,28898.037978,28898.037978,30024.371311,28898.037978,30024.371311,2657.0472261235955,3379,50.325842696629216
1153,29130.037978,29130.037978,30034.037978,29130.037978,30034.037978,904.0,904,50.92
1188,29947.037978,29947.037978,30042.037978,29947.037978,30042.037978,95.0,95,54.54545454545455
1150,29078.037978,29078.037978,30047.037978,29078.037978,30047.037978,969.0,969,50.888888888888886
1182,29889.037978,29889.037978,30048.037978,29889.037978,30048.037978,159.0,159,53.857142857142854
1187,29946.037978,29946.037978,30085.037978,29946.037978,30085.037978,139.0,139,53.666666666666664
1159,29365.037978,29365.037978,30089.037978,29365.037978,30089.037978,724.0,724,51.421875
1183,29908.037978,29908.037978,30103.037978,29908.037978,30103.037978,195.0,195,52.791666666666664
1157,29314.037978,29314.037978,30162.037978,29314.037978,30162.037978,848.0,848,51.014084507042256
1166,29545.037978,29545.037978,30251.037978,29545.037978,30251.037978,706.0,706,51.278688524590166
1164,29499.037978,29499.037978,30263.037978,29499.037978,30263.037978,764.0,764,51.18181818181818
1170,29661.037978,29661.037978,30289.037978,29661.037978,30289.037978,628.0,628,51.13793103448276
1160,29398.037978,29398.037978,30298.037978,29398.037978,30298.037978,900.0,900,50.96
1181,29872.037978,29872.037978,30310.037978,29872.037978,30310.037978,438.0,438,51.36842105263158
957,24495.037978,24495.037978,30313.037978,24495.037978,30313.037978,5818.0,5818,51.635416666666664
1180,29870.037978,29870.037978,30324.037978,29870.037978,30324.037978,454.0,454,50.93023255813954
1172,29696.037978,29696.037978,30344.037978,29696.037978,30344.037978,648.0,648,50.46031746031746
1161,29452.037978,29452.037978,30353.037978,29452.037978,30353.037978,901.0,901,50.583333333333336
1194,30241.037978,30241.037978,30358.037978,30241.037978,30358.037978,117.0,117,47.888888888888886
780,20276.037978,20276.037978,30374.037978,20276.037978,29952.037978,9676.0,9676,49.40898345153664
1192,30096.037978,30096.037978,30395.037978,30096.037978,30395.037978,299.0,299,47.61538461538461
1191,30089.037978,30089.037978,30430.037978,30089.037978,30430.037978,341.0,341,47.53333333333333
1168,29619.037978,29619.037978,30434.037978,29619.037978,30434.037978,815.0,815,50.08641975308642
1177,29858.037978,29858.037978,30465.037978,29858.037978,30465.037978,607.0,607,49.83870967741935
1041,26515.037978,26515.037978,30478.037978,26515.037978,30478.037978,3963.0,3963,52.81981981981982
1008,25761.037978,25761.037978,30561.037978,25761.037978,30561.037978,4800.0,4800,52.63456790123457
1185,29917.037978,29917.037978,30588.037978,29917.037978,30588.037978,671.0,671,49.35087719298246
1169,29642.037978,29642.037978,30593.037978,29642.037978,30593.037978,951.0,951,49.735632183908045
1171,29679.037978,29679.037978,30598.037978,29679.037978,30598.037978,919.0,919,49.588235294117645
1175,29759.037978,29759.037978,30639.037978,29759.037978,30639.037978,880.0,880,49.15384615384615
1208,30581.037978,30581.037978,30640.037978,30581.037978,30640.037978,59.0,59,44.888888888888886
1205,30427.037978,30427.037978,30680.037978,30427.037978,30680.037978,253.0,253,45.65
1186,29930.037978,29930.037978,30761.037978,29930.037978,30761.037978,831.0,831,48.46376811594203
1199,30318.037978,30318.037978,30865.037978,30318.037978,30865.037978,547.0,547,46.76744186046512
1204,30417.037978,30417.037978,30929.037978,30417.037978,30929.037978,512.0,512,47.0
1210,30616.037978,30616.037978,30983.037978,30616.037978,30983.037978,367.0,367,48.18181818181818
1201,30331.037978,30331.037978,31024.037978,30331.037978,31024.037978,693.0,693,47.47826086956522
1209,30604.037978,30604.037978,31029.037978,30604.037978,31029.037978,425.0,425,48.46153846153846
1226,31046.037978,31046.037978,31209.037978,31046.037978,31209.037978,163.0,163,54.625
1213,30673.037978,30673.037978,31226.037978,30673.037978,31226.037978,553.0,553,51.241379310344826
1216,30778.037978,30778.037978,31286.037978,30778.037978,31286.037978,508.0,508,52.888888888888886
1197,30299.037978,30299.037978,31287.037978,30299.037978,31287.037978,988.0,988,49.059701492537314
1228,31086.037978,31086.037978,31309.037978,31086.037978,31309.037978,223.0,223,56.25
1229,31133.037978,31133.037978,31321.704645,31133.037978,31321.704645,498.9348958333333,566,56.416666666666664
1215,30742.037978,30742.037978,31365.037978,30742.037978,31365.037978,623.0,623,52.97142857142857
1203,30393.037978,30393.037978,31388.037978,30393.037978,31388.037978,995.0,995,50.083333333333336
1227,31056.037978,31056.037978,31408.037978,31056.037978,31408.037978,352.0,352,55.578947368421055
1212,30667.037978,30667.037978,31461.037978,30667.037978,31461.037978,794.0,794,52.38636363636363
1237,31421.037978,31421.037978,31470.037978,31421.037978,31470.037978,49.0,49,54.25
1232,31179.037978,31179.037978,31489.037978,31179.037978,31489.037978,310.0,310,55.526315789473685
1221,30829.037978,30829.037978,31501.037978,30829.037978,31501.037978,672.0,672,54.16216216216216
1224,30959.037978,30959.037978,31533.037978,30959.037978,31533.037978,574.0,574,54.35294117647059
1222,30859.037978,30859.037978,31537.037978,30859.037978,31537.037978,678.0,678,54.1025641025641
1235,31356.037978,31356.037978,31538.704645,31356.037978,31538.704645,458.62890625000006,548,53.5625
1211,30621.037978,30621.037978,31542.037978,30621.037978,31542.037978,921.0,921,51.982142857142854
952,24334.037978,24334.037978,31582.037978,24334.037978,31582.037978,7248.0,7248,51.29895104895105
1234,31268.037978,31268.037978,31639.037978,31268.037978,31639.037978,371.0,371,53.38461538461539
1225,31008.037978,31008.037978,31659.037978,31008.037978,31659.037978,651.0,651,53.575
1217,30780.037978,30780.037978,31714.037978,30780.037978,31714.037978,934.0,934,52.77777777777778
842,21703.037978,21703.037978,31760.037978,21703.037978,31694.037978,9991.0,9991,49.56359102244389
1241,31573.037978,31573.037978,31775.037978,31573.037978,31775.037978,202.0,202,49.2
1233,31253.037978,31253.037978,31784.037978,31253.037978,31784.037978,531.0,531,52.34285714285714
1247,31826.037978,31826.037978,31891.037978,31826.037978,31891.037978,65.0,65,49.75
1239,31496.037978,31496.037978,31992.037978,31496.037978,31992.037978,496.0,496,50.333333333333336
1244,31710.037978,31710.037978,32000.037978,31710.037978,32000.037978,290.0,290,50.85
1230,31142.037978,31142.037978,32010.037978,31142.037978,32010.037978,868.0,868,52.69642857142857
1250,31892.037978,31892.037978,32049.037978,31892.037978,32049.037978,157.0,157,54.285714285714285
1256,31999.037978,31999.037978,32065.037978,31999.037978,32065.037978,66.0,66,56.2
953,24409.037978,24409.037978,32070.037978,24409.037978,32070.037978,7661.0,7661,51.359271523178805
1259,32021.037978,32021.037978,32152.037978,32021.037978,32152.037978,131.0,131,57.2
1253,31968.037978,31968.037978,32229.037978,31968.037978,32229.037978,261.0,261,56.45454545454545
1252,31940.037978,31940.037978,32262.037978,31940.037978,32262.037978,322.0,322,56.375
1202,30379.037978,30379.037978,32272.037978,30379.037978,32272.037978,1893.0,1893,51.57142857142857
1198,30314.037978,30314.037978,32277.787978,30314.037978,32277.787978,6299.413154069767,7855,51.325581395348834
1262,32105.037978,32105.037978,32290.704645,32105.037978,32290.704645,506.78966346153845,557,58.23076923076923
1264,32150.037978,32150.037978,32299.037978,32150.037978,32299.037978,149.0,149,58.416666666666664
1245,31777.037978,31777.037978,32331.037978,31777.037978,32331.037978,554.0,554,54.925
1265,32186.037978,32186.037978,32397.037978,32186.037978,32397.037978,211.0,211,57.76923076923077
1249,31855.037978,31855.037978,32401.037978,31855.037978,32401.037978,546.0,546,55.89473684210526
1044,26565.037978,26565.037978,32439.037978,26565.037978,32439.037978,5874.0,5874,52.75055679287305
1267,32269.037978,32269.037978,32541.037978,32269.037978,32541.037978,272.0,272,56.529411764705884
1258,32016.037978,32016.037978,32541.037978,32016.037978,32541.037978,525.0,525,56.96969696969697
1219,30826.037978,30826.037978,32546.704645,30826.037978,32546.704645,4350.872051886793,5162,53.943396226415096
977,25016.037978,25016.037978,32602.037978,25016.037978,32602.037978,7586.0,7586,52.31399317406143
1273,32461.037978,32461.037978,32612.037978,32461.037978,32612.037978,151.0,151,56.285714285714285
974,24956.037978,24956.037978,32690.037978,24956.037978,32690.037978,7734.0,7734,52.25801011804384
1246,31799.037978,31799.037978,32792.037978,31799.037978,32792.037978,993.0,993,55.275862068965516
1254,31977.037978,31977.037978,32875.037978,31977.037978,32875.037978,898.0,898,56.24528301886792
1271,32436.037978,32436.037978,32888.037978,32436.037978,32888.037978,452.0,452,55.61904761904762
1257,32006.037978,32006.037978,32903.037978,32006.037978,32903.037978,897.0,897,56.4
1269,32370.037978,32370.037978,32915.037978,32370.037978,32915.037978,545.0,545,55.51851851851852
1268,32278.037978,32278.037978,33007.037978,32278.037978,33007.037978,729.0,729,56.07692307692308
1002,25569.037978,25569.037978,33034.037978,25569.037978,33034.037978,7465.0,7465,52.75
1287,32984.037978,32984.037978,33037.037978,32984.037978,33037.037978,53.0,53,60.0
1248,31853.037978,31853.037978,33037.037978,31853.037978,33037.037978,1184.0,1184,55.972972972972975
1289,33063.037978,33063.037978,33111.037978,33063.037978,33111.037978,48.0,48,58.333333333333336
1128,28395.037978,28395.037978,33193.037978,28395.037978,33193.037978,4798.0,4798,50.877742946708466
1270,32415.037978,32415.037978,33195.037978,32415.037978,33195.037978,780.0,780,56.475
1263,32139.037978,32139.037978,33207.287978,32139.037978,33207.287978,3791.827047413793,4273,56.793103448275865
1284,32962.037978,32962.037978,33212.037978,32962.037978,33212.037978,250.0,250,57.94117647058823
1243,31660.037978,31660.037978,33253.037978,31660.037978,33253.037978,1593.0,1593,55.30107526881721
1291,33208.037978,33208.037978,33261.037978,33208.037978,33261.037978,53.0,53,55.6
1277,32699.037978,32699.037978,33262.037978,32699.037978,33262.037978,563.0,563,56.75757575757576
1274,32523.037978,32523.037978,33276.037978,32523.037978,33276.037978,753.0,753,56.348837209302324
1283,32960.037978,32960.037978,33344.037978,32960.037978,33344.037978,384.0,384,56.55555555555556
1281,32871.037978,32871.037978,33426.037978,32871.037978,33426.037978,555.0,555,56.361111111111114
1295,33331.037978,33331.037978,33437.037978,33331.037978,33437.037978,106.0,106,55.0
1278,32779.037978,32779.037978,33460.037978,32779.037978,33460.037978,681.0,681,56.21739130434783
1294,33313.037978,33313.037978,33483.037978,33313.037978,33483.037978,170.0,170,55.57142857142857
1052,26720.037978,26720.037978,33510.037978,26720.037978,33510.037978,6790.0,6790,53.199600798403196
1300,33447.037978,33447.037978,33518.037978,33447.037978,33518.037978,71.0,71,57.44444444444444
1275,32681.037978,32681.037978,33570.037978,32681.037978,33570.037978,889.0,889,56.25423728813559
1299,33446.037978,33446.037978,33616.037978,33446.037978,33616.037978,170.0,170,57.88235294117647
1290,33083.037978,33083.037978,33621.037978,33083.037978,33621.037978,538.0,538,56.51282051282051
1305,33522.037978,33522.037978,33646.037978,33522.037978,33646.037978,124.0,124,59.2
1276,32691.037978,32691.037978,33648.037978,32691.037978,33648.037978,957.0,957,56.738461538461536
1279,32795.037978,32795.037978,33670.037978,32795.037978,33670.037978,875.0,875,56.984375
1313,33671.037978,33671.037978,33686.371311,33671.037978,33686.371311,43.125,46,60.0
1179,29867.037978,29867.037978,33793.037978,29867.037978,33793.037978,3926.0,3926,53.246212121212125
1282,32947.037978,32947.037978,33795.037978,32947.037978,33795.037978,848.0,848,57.421875
1296,33365.037978,33365.037978,33941.037978,33365.037978,33941.037978,576.0,576,58.65853658536585
1311,33655.037978,33655.037978,33960.037978,33655.037978,33960.037978,305.0,305,61.0
1297,33411.037978,33411.037978,33961.037978,33411.037978,33961.037978,550.0,550,59.093023255813954
1317,33806.037978,33806.037978,33986.037978,33806.037978,33986.037978,180.0,180,62.916666666666664
1320,33921.037978,33921.037978,34027.037978,33921.037978,34027.037978,106.0,106,63.916666666666664
1308,33598.037978,33598.037978,34048.037978,33598.037978,34048.037978,450.0,450,61.57575757575758
1309,33611.037978,33611.037978,34073.037978,33611.037978,34073.037978,462.0,462,61.8235294117647
1319,33910.037978,33910.037978,34089.037978,33910.037978,34089.037978,179.0,179,64.0
1292,33215.037978,33215.037978,34092.037978,33215.037978,34092.037978,877.0,877,59.36363636363637
1000,25486.037978,25486.037978,34118.037978,25486.037978,34118.037978,8632.0,8632,53.4891640866873
1322,33969.037978,33969.037978,34159.037978,33969.037978,34159.037978,190.185546875,190,64.0625
1027,26100.037978,26100.037978,34181.037978,26100.037978,34181.037978,8081.0,8081,53.785
1323,33977.037978,33977.037978,34235.537978,33977.037978,34235.537978,520.7024739583334,517,64.45833333333333
1329,34155.037978,34155.037978,34280.037978,34155.037978,34280.037978,126.46484375,125,64.75
1330,34162.037978,34162.037978,34302.037978,34162.037978,34302.037978,143.53365384615384,140,65.61538461538461
1085,27378.037978,27378.037978,34333.037978,27378.037978,34333.037978,6955.0,6955,53.758
1136,28764.037978,28764.037978,34382.037978,28764.037978,34382.037978,5618.0,5618,53.5390625
1331,34178.037978,34178.037978,34387.037978,34178.037978,34387.037978,216.68382352941177,209,66.3529411764706
1298,33437.037978,33437.037978,34388.037978,33437.037978,34388.037978,951.0,951,62.053333333333335
1303,33490.037978,33490.037978,34389.037978,33490.037978,34389.037978,899.0,899,62.666666666666664
1124,28222.037978,28222.037978,34421.037978,28222.037978,34421.037978,6199.0,6199,53.13647058823529
1315,33741.037978,33741.037978,34433.037978,33741.037978,34433.037978,695.4599999999999,692,64.32
1316,33789.037978,33789.037978,34461.037978,33789.037978,34461.037978,675.4326923076923,672,64.32692307692308
1318,33884.037978,33884.037978,34472.037978,33884.037978,34472.037978,593.25,588,64.57142857142857
1340,34381.037978,34381.037978,34522.037978,34381.037978,34522.037978,142.2392578125,141,64.5625
1312,33660.037978,33660.037978,34535.037978,33660.037978,34535.037978,875.0,875,63.84615384615385
966,24782.037978,24782.037978,34580.037978,24782.037978,34580.037978,9798.0,9798,53.46288798920378
1324,33980.037978,33980.037978,34591.037978,33980.037978,34591.037978,618.9882015306122,611,64.83673469387755
1338,34297.037978,34297.037978,34601.037978,34297.037978,34601.037978,308.55999999999995,304,64.96
1314,33711.037978,33711.037978,34610.037978,33711.037978,34610.037978,900.0482742537314,899,64.07462686567165
1321,33951.037978,33951.037978,34657.037978,33951.037978,34657.037978,711.7058189655173,706,64.51724137931035
1345,34491.037978,34491.037978,34695.037978,34491.037978,34695.037978,204.0,204,63.6
1350,34676.037978,34676.037978,34716.037978,34676.037978,34716.037978,40.0,40,63.4
1349,34659.037978,34659.037978,34720.037978,34659.037978,34720.037978,61.0,61,63.0
1339,34320.037978,34320.037978,34735.037978,34320.037978,34735.037978,415.18526785714283,415,64.02857142857142
1332,34178.037978,34178.037978,34784.037978,34178.037978,34784.037978,610.4321808510638,606,64.46808510638297
1193,30241.037978,30241.037978,34828.037978,30241.037978,34828.037978,4587.0,4587,55.9903536977492
1310,33626.037978,33626.037978,34850.704645,33626.037978,34850.704645,3638.042239010989,3674,63.37362637362637
1034,26207.037978,26207.037978,34896.037978,26207.037978,34896.037978,8689.0,8689,54.6453125
1334,34208.037978,34208.037978,34935.037978,34208.037978,34935.037978,728.285966981132,727,64.11320754716981
1356,34834.037978,34834.037978,34945.704645,34834.037978,34945.704645,327.802734375,335,62.625
1336,34229.037978,34229.037978,34949.037978,34229.037978,34949.037978,720.0,720,63.96296296296296
1342,34460.037978,34460.037978,34950.037978,34460.037978,34950.037978,490.0,490,62.925
1355,34802.037978,34802.037978,34966.037978,34802.037978,34966.037978,164.0,164,62.285714285714285
1335,34217.037978,34217.037978,35022.037978,34217.037978,35022.037978,805.0,805,63.79661016949152
1347,34546.037978,34546.037978,35035.037978,34546.037978,35035.037978,489.0,489,62.411764705882355
1360,34949.037978,34949.037978,35036.037978,34949.037978,35036.037978,410.078125,435,60.333333333333336
1346,34513.037978,34513.037978,35037.037978,34513.037978,35037.037978,524.0,524,62.38461538461539
1327,34061.037978,34061.037978,35048.037978,34061.037978,35048.037978,987.0,987,63.467532467532465
1238,31425.037978,31425.037978,35118.037978,31425.037978,35118.037978,3693.0,3693,58.49596774193548
1357,34855.037978,34855.037978,35124.037978,34855.037978,35124.037978,269.0,269,59.78947368421053
1333,34207.037978,34207.037978,35127.037978,34207.037978,35127.037978,920.0,920,62.885714285714286
1301,33453.037978,33453.037978,35160.704645,33453.037978,35160.704645,4962.90625,5123,62.0
1007,25736.037978,25736.037978,35194.037978,25736.037978,35128.037978,9392.0,9392,54.56901408450704
1341,34447.037978,34447.037978,35223.037978,34447.037978,35223.037978,776.0,776,61.03508771929825
1344,34490.037978,34490.037978,35256.037978,34490.037978,35256.037978,766.0,766,60.592592592592595
1351,34679.037978,34679.037978,35260.037978,34679.037978,35260.037978,581.0,581,59.41463414634146
1200,30325.037978,30325.037978,35274.037978,30325.037978,35274.037978,4949.0,4949,56.516717325227965
1343,34473.037978,34473.037978,35303.037978,34473.037978,35303.037978,830.0,830,59.774193548387096
1368,35286.037978,35286.037978,35328.037978,35286.037978,35328.037978,42.0,42,54.4
1364,35207.037978,35207.037978,35415.037978,35207.037978,35415.037978,208.0,208,53.666666666666664
1286,32982.037978,32982.037978,35460.371311,32982.037978,35460.371311,6988.58672752809,7435,60.157303370786515
1358,34912.037978,34912.037978,35493.037978,34912.037978,35493.037978,581.0,581,56.26829268292683
1363,35159.037978,35159.037978,35505.037978,35159.037978,35505.037978,346.0,346,54.041666666666664
1353,34724.037978,34724.037978,35517.371311,34724.037978,35517.371311,2130.7060185185182,2380,57.2962962962963
1362,35106.037978,35106.037978,35530.037978,35106.037978,35530.037978,424.0,424,54.32258064516129
1260,32062.037978,32062.037978,35533.037978,32062.037978,35533.037978,3471.0,3471,59.15677966101695
1365,35237.037978,35237.037978,35587.037978,35237.037978,35587.037978,350.0,350,53.958333333333336
1371,35353.037978,35353.037978,35675.037978,35353.037978,35675.037978,322.0,322,53.9375
1306,33542.037978,33542.037978,35735.037978,33542.037978,35735.037978,2193.0,2193,60.4
1369,35296.037978,35296.037978,35775.037978,35296.037978,35775.037978,479.0,479,54.25
1361,35093.037978,35093.037978,35889.037978,35093.037978,35889.037978,796.0,796,54.44897959183673
1359,34936.037978,34936.037978,35915.037978,34936.037978,35915.037978,979.0,979,55.52459016393443
1367,35279.037978,35279.037978,35954.037978,35279.037978,35954.037978,675.0,675,54.69444444444444
1366,35271.037978,35271.037978,35966.037978,35271.037978,35966.037978,695.0,695,54.675
1380,35721.037978,35721.037978,35988.037978,35721.037978,35988.037978,267.0,267,56.53333333333333
1064,26906.037978,26906.037978,35991.104645,26906.037978,35851.037978,8945.0,8945,54.92933947772657
1381,35732.037978,35732.037978,36050.037978,35732.037978,36050.037978,318.0,318,56.333333333333336
1374,35470.037978,35470.037978,36067.037978,35470.037978,36067.037978,597.0,597,55.09090909090909
1293,33310.037978,33310.037978,36090.037978,33310.037978,36090.037978,2780.0,2780,59.52849740932643
1370,35306.037978,35306.037978,36096.037978,35306.037978,36096.037978,790.0,790,54.904761904761905
1147,29020.037978,29020.037978,36117.037978,29020.037978,36117.037978,7097.0,7097,54.95020746887967
1214,30733.037978,30733.037978,36130.037978,30733.037978,36130.037978,5397.0,5397,57.14655172413793
1379,35681.037978,35681.037978,36195.037978,35681.037978,36195.037978,514.0,514,54.96551724137931
1377,35623.037978,35623.037978,36209.037978,35623.037978,36209.037978,586.0,586,54.588235294117645
1231,31168.037978,31168.037978,36227.037978,31168.037978,36227.037978,5059.0,5059,57.50453172205438
1029,26126.037978,26126.037978,36242.104645,26126.037978,35924.037978,9798.0,9798,54.69535519125683
1393,36206.037978,36206.037978,36266.437978,36206.037978,36266.437978,245.89930555555557,302,52.111111111111114
1384,35777.037978,35777.037978,36309.037978,35777.037978,36309.037978,532.0,532,54.114285714285714
1397,36266.037978,36266.037978,36322.037978,36266.037978,36322.037978,56.0,56,54.42857142857143
1375,35514.037978,35514.037978,36338.037978,35514.037978,36338.037978,824.0,824,54.056603773584904
1373,35466.037978,35466.037978,36355.037978,35466.037978,36355.037978,889.0,889,54.10344827586207
1399,36283.037978,36283.037978,36398.037978,36283.037978,36398.037978,115.0,115,54.36363636363637
1387,35955.037978,35955.037978,36436.037978,35955.037978,36436.037978,481.0,481,53.64102564102564
1391,36150.037978,36150.037978,36447.037978,36150.037978,36447.037978,496.2154017857143,594,53.464285714285715
1406,36445.037978,36445.037978,36459.371311,36445.037978,36459.371311,37.40104166666667,43,55.666666666666664
1395,36254.037978,36254.037978,36463.537978,36254.037978,36463.537978,709.4431818181818,838,54.18181818181818
1386,35884.037978,35884.037978,36464.037978,35884.037978,36464.037978,580.0,580,54.104166666666664
1402,36369.037978,36369.037978,36474.037978,36369.037978,36474.037978,105.0,105,54.583333333333336
1378,35680.037978,35680.037978,36489.037978,35680.037978,36489.037978,809.0,809,54.14754098360656
1272,32456.037978,32456.037978,36500.037978,32456.037978,36500.037978,4044.0,4044,58.101083032490976
1401,36358.037978,36358.037978,36526.037978,36358.037978,36526.037978,168.0,168,53.35
1133,28654.037978,28654.037978,36526.037978,28654.037978,36526.037978,7872.0,7872,54.32299270072993
1403,36378.037978,36378.037978,36541.037978,36378.037978,36541.037978,163.0,163,53.18181818181818
1383,35762.037978,35762.037978,36554.037978,35762.037978,36554.037978,792.0,792,53.75757575757576
1416,36608.037978,36608.037978,36640.037978,36608.037978,36640.037978,32.0,32,55.333333333333336
1411,36537.037978,36537.037978,36661.037978,36537.037978,36661.037978,124.0,124,53.36363636363637
1392,36184.037978,36184.037978,36667.037978,36184.037978,36667.037978,483.0,483,53.1764705882353
1408,36501.037978,36501.037978,36669.037978,36501.037978,36669.037978,555.3333333333333,672,52.888888888888886
1405,36424.037978,36424.037978,36684.037978,36424.037978,36684.037978,260.0,260,53.13333333333333
1348,34604.037978,34604.037978,36708.037978,34604.037978,36708.037978,2104.0,2104,55.52287581699346
1352,34703.037978,34703.037978,36728.037978,34703.037978,36728.037978,2025.0,2025,55.141891891891895
1404,36389.037978,36389.037978,36736.037978,36389.037978,36736.037978,347.0,347,53.027027027027025
1409,36508.037978,36508.037978,36781.037978,36508.037978,36781.037978,273.0,273,52.46153846153846
1413,36550.037978,36550.037978,36876.037978,36550.037978,36876.037978,326.0,326,53.18518518518518
1390,36117.037978,36117.037978,36885.037978,36117.037978,36885.037978,768.0,768,53.13513513513514
1388,36036.037978,36036.037978,36900.037978,36036.037978,36900.037978,864.0,864,53.325301204819276
1417,36631.037978,36631.037978,36907.037978,36631.037978,36907.037978,276.0,276,54.03703703703704
1251,31915.037978,31915.037978,36970.037978,31915.037978,36970.037978,5055.0,5055,57.36871508379888
1107,27761.037978,27761.037978,36975.287978,27761.037978,36789.037978,9028.0,9028,54.3420245398773
1428,36856.037978,36856.037978,36999.037978,36856.037978,36999.037978,143.0,143,57.53333333333333
1396,36257.037978,36257.037978,37021.037978,36257.037978,37021.037978,764.0,764,54.379746835443036
1400,36306.037978,36306.037978,37045.037978,36306.037978,37045.037978,739.0,739,54.87179487179487
1412,36540.037978,36540.037978,37054.037978,36540.037978,37054.037978,514.0,514,55.78846153846154
1045,26587.037978,26587.037978,37070.371312,26587.037978,36586.037978,9999.0,9999,54.85859872611465
1436,37005.037978,37005.037978,37095.037978,37005.037978,37095.037978,90.0,90,61.61538461538461
1423,36793.037978,36793.037978,37101.037978,36793.037978,37101.037978,308.0,308,58.64705882352941
1433,36971.037978,36971.037978,37113.037978,36971.037978,37113.037978,142.0,142,60.57142857142857
1410,36514.037978,36514.037978,37150.037978,36514.037978,37150.037978,636.0,636,56.323076923076925
1445,37115.037978,37115.037978,37154.287978,37115.037978,37154.287978,150.25390625,157,61.25
1195,30259.037978,30259.037978,37155.037978,30259.037978,37155.037978,6896.0,6896,55.860040567951316
1385,35867.037978,35867.037978,37165.037978,35867.037978,37165.037978,1298.0,1298,55.292682926829265
1407,36483.037978,36483.037978,37200.037978,36483.037978,37200.037978,717.0,717,56.17333333333333
1419,36715.037978,36715.037978,37236.037978,36715.037978,37236.037978,521.0,521,57.924528301886795
1425,36833.037978,36833.037978,37263.037978,36833.037978,37263.037978,430.0,430,59.21739130434783
1415,36608.037978,36608.037978,37301.037978,36608.037978,37301.037978,693.0,693,57.391304347826086
1196,30276.037978,30276.037978,37305.037978,30276.037978,37305.037978,7029.0,7029,55.964214711729625
1414,36568.037978,36568.037978,37351.037978,36568.037978,37351.037978,783.0,783,57.41095890410959
1444,37101.037978,37101.037978,37369.037978,37101.037978,37369.037978,268.0,268,59.63636363636363
1449,37250.037978,37250.037978,37375.537978,37250.037978,37375.537978,697.3806818181819,753,59.27272727272727
1439,37017.037978,37017.037978,37398.037978,37017.037978,37398.037978,381.0,381,60.25
1431,36924.037978,36924.037978,37398.037978,36924.037978,37398.037978,474.0,474,59.645833333333336
1440,37026.037978,37026.037978,37400.037978,37026.037978,37400.037978,374.0,374,59.97222222222222
1236,31359.037978,31359.037978,37403.037978,31359.037978,37403.037978,6044.0,6044,57.11389521640091
1189,29991.037978,29991.037978,37413.037978,29991.037978,37413.037978,7422.0,7422,55.78007518796993
1421,36764.037978,36764.037978,37422.037978,36764.037978,37422.037978,658.0,658,58.3134328358209
1426,36841.037978,36841.037978,37463.037978,36841.037978,37463.037978,622.0,622,58.58461538461538
1442,37043.037978,37043.037978,37472.037978,37043.037978,37472.037978,429.0,429,58.714285714285715
1446,37129.037978,37129.037978,37516.037978,37129.037978,37516.037978,387.0,387,57.4
1452,37290.037978,37290.037978,37530.037978,37290.037978,37530.037978,240.0,240,56.17391304347826
1418,36693.037978,36693.037978,37531.037978,36693.037978,37531.037978,838.0,838,57.24096385542169
1420,36744.037978,36744.037978,37546.037978,36744.037978,37546.037978,802.0,802,57.4875
1435,36989.037978,36989.037978,37559.037978,36989.037978,37559.037978,570.0,570,58.083333333333336
1427,36842.037978,36842.037978,37612.037978,36842.037978,37612.037978,770.0,770,57.72727272727273
1457,37458.037978,37458.037978,37632.371311,37458.037978,37632.371311,436.6845703125,523,53.4375
1354,34788.037978,34788.037978,37640.037978,34788.037978,37640.037978,2852.0,2852,55.66086956521739
1429,36879.037978,36879.037978,37666.037978,36879.037978,37666.037978,787.0,787,57.46153846153846
1454,37382.037978,37382.037978,37687.037978,37382.037978,37687.037978,305.0,305,53.6
1437,37005.037978,37005.037978,37712.037978,37005.037978,37712.037978,707.0,707,57.17910447761194
1455,37436.037978,37436.037978,37738.037978,37436.037978,37738.037978,302.0,302,52.76
1422,36786.037978,36786.037978,37751.037978,36786.037978,37751.037978,965.0,965,56.824175824175825
1447,37195.037978,37195.037978,37752.037978,37195.037978,37752.037978,557.0,557,54.91836734693877
1465,37670.037978,37670.037978,37786.037978,37670.037978,37786.037978,116.0,116,49.857142857142854
1220,30828.037978,30828.037978,37796.037978,30828.037978,37796.037978,6968.0,6968,56.63380281690141
1434,36978.037978,36978.037978,37817.037978,36978.037978,37817.037978,839.0,839,56.467532467532465
1438,37017.037978,37017.037978,37854.037978,37017.037978,37854.037978,837.0,837,55.89333333333333
1463,37610.037978,37610.037978,37863.037978,37610.037978,37863.037978,253.0,253,49.21052631578947
1441,37038.037978,37038.037978,37925.037978,37038.037978,37925.037978,887.0,887,54.93421052631579
1456,37445.037978,37445.037978,37962.037978,37445.037978,37962.037978,517.0,517,50.125
1450,37266.037978,37266.037978,38063.037978,37266.037978,38063.037978,797.0,797,52.13559322033898
1218,30795.037978,30795.037978,38080.037978,30795.037978,38080.037978,7285.0,7285,56.29182879377432
1473,37985.037978,37985.037978,38082.537978,37985.037978,38082.537978,431.89453125,585,47.25
1451,37266.037978,37266.037978,38159.037978,37266.037978,38159.037978,893.0,893,51.47692307692308
1460,37541.037978,37541.037978,38259.037978,37541.037978,38259.037978,718.0,718,48.733333333333334
1475,38119.037978,38119.037978,38298.371311,38119.037978,38298.371311,413.58750000000003,538,49.2
1459,37506.037978,37506.037978,38316.037978,37506.037978,38316.037978,810.0,810,49.21568627450981
1480,38221.037978,38221.037978,38364.537978,38221.037978,38364.537978,454.04296875,574,50.625
1461,37558.037978,37558.037978,38380.037978,37558.037978,38380.037978,822.0,822,48.94230769230769
1325,34024.037978,34024.037978,38387.037978,34024.037978,38387.037978,4363.0,4363,56.23076923076923
1261,32062.037978,32062.037978,38417.037978,32062.037978,38417.037978,6355.0,6355,56.57608695652174
1486,38379.037978,38379.037978,38427.037978,38379.037978,38427.037978,48.0,48,52.333333333333336
1464,37661.037978,37661.037978,38463.037978,37661.037978,38463.037978,802.0,802,48.72549019607843
1382,35762.037978,35762.037978,38486.037978,35762.037978,38486.037978,2724.0,2724,53.84090909090909
1483,38341.037978,38341.037978,38486.437978,38341.037978,38486.437978,580.9508928571429,727,51.142857142857146
1280,32853.037978,32853.037978,38515.037978,32853.037978,38515.037978,5662.0,5662,56.478971962616825
1476,38127.037978,38127.037978,38534.037978,38127.037978,38534.037978,407.0,407,50.13793103448276
1489,38509.037978,38509.037978,38571.037978,38509.037978,38571.037978,62.0,62,48.666666666666664
1481,38252.037978,38252.037978,38583.704645,38252.037978,38583.704645,781.3744212962964,995,50.25925925925926
1467,37837.037978,37837.037978,38586.037978,37837.037978,38586.037978,749.0,749,48.68
1485,38371.037978,38371.037978,38587.371311,38371.037978,38587.371311,505.1875,649,49.81818181818182
1266,32191.037978,32191.037978,38652.037978,32191.037978,38652.037978,6461.0,6461,56.259574468085106
1466,37835.037978,37835.037978,38668.037978,37835.037978,38668.037978,833.0,833,48.482142857142854
1470,37887.037978,37887.037978,38673.037978,37887.037978,38673.037978,786.0,786,48.82692307692308
1453,37332.037978,37332.037978,38679.237978,37332.037978,38679.237978,5253.193749999999,6680,50.33
1479,38187.037978,38187.037978,38683.037978,38187.037978,38683.037978,496.0,496,49.35897435897436
1490,38532.037978,38532.037978,38726.037978,38532.037978,38726.037978,194.0,194,47.22222222222222
1190,29991.037978,29991.037978,38741.037978,29991.037978,38741.037978,8750.0,8750,54.8144
1478,38179.037978,38179.037978,38764.037978,38179.037978,38764.037978,585.0,585,48.65217391304348
1477,38153.037978,38153.037978,38835.037978,38153.037978,38835.037978,682.0,682,48.39622641509434
1498,38757.037978,38757.037978,38924.037978,38757.037978,38924.037978,167.0,167,47.083333333333336
1484,38365.037978,38365.037978,38942.037978,38365.037978,38942.037978,577.0,577,48.1875
1506,38906.037978,38906.037978,38966.704645,38906.037978,38966.704645,144.08333333333331,182,50.666666666666664
1488,38449.037978,38449.037978,38974.037978,38449.037978,38974.037978,525.0,525,47.674418604651166
1505,38905.037978,38905.037978,39010.037978,38905.037978,39010.037978,105.0,105,50.22222222222222
1500,38783.037978,38783.037978,39046.037978,38783.037978,39046.037978,263.0,263,48.8125
1472,37956.037978,37956.037978,39186.037978,37956.037978,39186.037978,1230.0,1230,48.51851851851852
1508,38950.037978,38950.037978,39188.537978,38950.037978,39188.537978,746.4591346153846,954,50.07692307692308
1509,39060.037978,39060.037978,39193.037978,39060.037978,39193.037978,133.0,133,50.44444444444444
1504,38855.037978,38855.037978,39194.037978,38855.037978,39194.037978,339.0,339,50.04761904761905
1512,39155.037978,39155.037978,39209.037978,39155.037978,39209.037978,172.546875,216,51.125
1491,38562.037978,38562.037978,39218.037978,38562.037978,39218.037978,656.0,656,48.02040816326531
1302,33465.037978,33465.037978,39236.037978,33465.037978,39236.037978,5771.0,5771,55.47488584474886
1514,39164.037978,39164.037978,39312.037978,39164.037978,39312.037978,229.92857142857144,296,49.714285714285715
1503,38854.037978,38854.037978,39404.037978,38854.037978,39404.037978,550.0,550,49.57575757575758
1499,38781.037978,38781.037978,39427.037978,38781.037978,39427.037978,646.0,646,49.175
1474,38108.037978,38108.037978,39428.037978,38108.037978,39428.037978,1320.0,1320,48.79347826086956
1519,39309.037978,39309.037978,39434.537978,39309.037978,39434.537978,395.12890625,502,50.375
1494,38610.037978,38610.037978,39496.037978,38610.037978,39496.037978,886.0,886,48.3448275862069
1495,38669.037978,38669.037978,39500.037978,38669.037978,39500.037978,831.0,831,48.410714285714285
1307,33578.037978,33578.037978,39527.037978,33578.037978,39527.037978,5949.0,5949,55.19730941704036
1496,38701.037978,38701.037978,39555.037978,38701.037978,39555.037978,854.0,854,48.6140350877193
1493,38587.037978,38587.037978,39578.037978,38587.037978,39578.037978,991.0,991,48.39705882352941
1206,30432.037978,30432.037978,39580.537978,30432.037978,39536.037978,9104.0,9104,54.67029548989114
1525,39537.037978,39537.037978,39644.837978,39537.037978,39644.837978,416.040625,539,49.4
1515,39219.037978,39219.037978,39651.037978,39219.037978,39651.037978,432.0,432,49.266666666666666
1497,38752.037978,38752.037978,39682.037978,38752.037978,39682.037978,930.0,930,48.93650793650794
1223,30906.037978,30906.037978,39694.537978,30906.037978,39586.037978,8680.0,8680,54.97749196141479
1520,39361.037978,39361.037978,39740.037978,39361.037978,39740.037978,379.0,379,49.3448275862069
1513,39158.037978,39158.037978,39820.037978,39158.037978,39820.037978,662.0,662,49.47826086956522
1532,39714.037978,39714.037978,39878.037978,39714.037978,39878.037978,164.0,164,49.888888888888886
1443,37057.037978,37057.037978,39893.037978,37057.037978,39893.037978,2836.0,2836,50.84158415841584
1507,38924.037978,38924.037978,39900.037978,38924.037978,39900.037978,976.0,976,49.55555555555556
1469,37885.037978,37885.037978,39905.037978,37885.037978,39905.037978,2020.0,2020,48.77777777777778
1534,39758.037978,39758.037978,39933.704645,39758.037978,39933.704645,410.9701704545454,527,49.90909090909091
1288,32986.037978,32986.037978,39973.037978,32986.037978,39799.037978,6813.0,6813,54.949709864603484
1529,39631.037978,39631.037978,40022.037978,39631.037978,40022.037978,912.614224137931,1173,49.793103448275865
1535,39823.037978,39823.037978,40049.037978,39823.037978,40049.037978,226.0,226,50.55
1517,39295.037978,39295.037978,40095.037978,39295.037978,40095.037978,800.0,800,49.91228070175438
1524,39522.037978,39522.037978,40096.037978,39522.037978,40096.037978,574.0,574,50.06818181818182
1538,39913.037978,39913.037978,40135.037978,39913.037978,40135.037978,222.0,222,51.23529411764706
1546,40040.037978,40040.037978,40154.037978,40040.037978,40154.037978,472.03125,570,53.0
1528,39587.037978,39587.037978,40157.037978,39587.037978,40157.037978,570.0,570,50.35897435897436
1541,39975.037978,39975.037978,40157.037978,39975.037978,40157.037978,182.0,182,51.8
1516,39285.037978,39285.037978,40186.037978,39285.037978,40186.037978,901.0,901,49.921875
1544,40015.037978,40015.037978,40190.037978,40015.037978,40190.037978,175.0,175,51.57142857142857
1549,40208.037978,40208.037978,40240.037978,40208.037978,40240.037978,32.0,32,49.666666666666664
1242,31615.037978,31615.037978,40250.454645,31615.037978,39771.037978,8156.0,8156,54.73354735152488
1536,39831.037978,39831.037978,40285.037978,39831.037978,40285.037978,454.0,454,50.36842105263158
1522,39447.037978,39447.037978,40343.037978,39447.037978,40343.037978,896.0,896,50.16901408450704
1537,39834.037978,39834.037978,40380.037978,39834.037978,40380.037978,546.0,546,51.0
1553,40237.037978,40237.037978,40396.037978,40237.037978,40396.037978,159.0,159,52.86666666666667
1430,36894.037978,36894.037978,40436.037978,36894.037978,40436.037978,3542.0,3542,51.577777777777776
1531,39691.037978,39691.037978,40437.037978,39691.037978,40437.037978,746.0,746,51.05
1539,39947.037978,39947.037978,40455.037978,39947.037978,40455.037978,508.0,508,51.73913043478261
1543,39993.037978,39993.037978,40468.037978,39993.037978,40468.037978,475.0,475,52.095238095238095
1511,39132.037978,39132.037978,40468.037978,39132.037978,40468.037978,1336.0,1336,50.57142857142857
1564,40451.037978,40451.037978,40479.037978,40451.037978,40479.037978,93.91666666666666,112,53.666666666666664
1557,40306.037978,40306.037978,40486.537978,40306.037978,40486.537978,611.5625,722,54.21052631578947
1556,40296.037978,40296.037978,40517.037978,40296.037978,40517.037978,221.0,221,53.78260869565217
1240,31525.037978,31525.037978,40580.454645,31525.037978,40031.037978,8506.0,8506,54.637462235649544
1558,40316.037978,40316.037978,40584.037978,40316.037978,40584.037978,268.0,268,54.17857142857143
1560,40333.037978,40333.037978,40609.037978,40333.037978,40609.037978,276.0,276,54.32142857142857
1530,39639.037978,39639.037978,40610.037978,39639.037978,40610.037978,971.0,971,51.67857142857143
1533,39739.037978,39739.037978,40682.037978,39739.037978,40682.037978,943.0,943,52.146341463414636
1561,40374.037978,40374.037978,40726.037978,40374.037978,40726.037978,352.0,352,54.705882352941174
1571,40566.037978,40566.037978,40732.037978,40566.037978,40732.037978,166.0,166,56.3125
1545,40040.037978,40040.037978,40742.037978,40040.037978,40742.037978,702.0,702,53.24242424242424
1554,40256.037978,40256.037978,40761.037978,40256.037978,40761.037978,505.0,505,54.520833333333336
1579,40727.037978,40727.037978,40782.037978,40727.037978,40782.037978,244.921875,275,57.0
1575,40628.037978,40628.037978,40832.037978,40628.037978,40832.037978,204.0,204,56.9375
1578,40715.037978,40715.037978,40889.037978,40715.037978,40889.037978,174.0,174,57.07692307692308
1583,40823.037978,40823.037978,40915.037978,40823.037978,40915.037978,92.0,92,57.2
1563,40407.037978,40407.037978,40915.037978,40407.037978,40915.037978,508.0,508,55.34090909090909
1582,40808.037978,40808.037978,40918.037978,40808.037978,40918.037978,110.0,110,56.625
1568,40534.037978,40534.037978,40939.037978,40534.037978,40939.037978,405.0,405,56.0
1573,40591.037978,40591.037978,41008.037978,40591.037978,41008.037978,417.0,417,56.34375
1555,40288.037978,40288.037978,41035.037978,40288.037978,41035.037978,747.0,747,55.184615384615384
1547,40070.037978,40070.037978,41037.037978,40070.037978,41037.037978,967.0,967,54.07058823529412
1569,40541.037978,40541.037978,41040.037978,40541.037978,41040.037978,499.0,499,56.23809523809524
1207,30539.037978,30539.037978,41041.454645,30539.037978,40148.037978,9609.0,9609,54.44137022397892
1566,40514.037978,40514.037978,41049.037978,40514.037978,41049.037978,535.0,535,55.795918367346935
1594,41163.037978,41163.037978,41181.037978,41163.037978,41181.037978,64.125,72,57.0
1394,36251.037978,36251.037978,41181.037978,36251.037978,41181.037978,4930.0,4930,52.46599496221663
1550,40210.037978,40210.037978,41184.037978,40210.037978,41184.037978,974.0,974,54.75
1570,40542.037978,40542.037978,41227.037978,40542.037978,41227.037978,685.0,685,56.074074074074076
1567,40515.037978,40515.037978,41229.037978,40515.037978,41229.037978,714.0,714,55.83050847457627
1565,40474.037978,40474.037978,41325.037978,40474.037978,41325.037978,851.0,851,55.7536231884058
1589,40970.037978,40970.037978,41357.037978,40970.037978,41357.037978,387.0,387,56.535714285714285
1595,41195.037978,41195.037978,41366.037978,41195.037978,41366.037978,171.0,171,57.285714285714285
1598,41232.037978,41232.037978,41368.287978,41232.037978,41368.287978,495.60937500000006,545,58.2
1585,40925.037978,40925.037978,41391.037978,40925.037978,41391.037978,466.0,466,56.47222222222222
1432,36962.037978,36962.037978,41482.037978,36962.037978,41482.037978,4520.0,4520,52.54441260744986
1577,40667.037978,40667.037978,41510.037978,40667.037978,41510.037978,843.0,843,56.68333333333333
1574,40625.037978,40625.037978,41512.037978,40625.037978,41512.037978,887.0,887,56.609375
1606,41469.037978,41469.037978,41606.037978,41469.037978,41606.037978,137.0,137,58.72727272727273
1592,41145.037978,41145.037978,41651.037978,41145.037978,41651.037978,506.0,506,57.47222222222222
1586,40930.037978,40930.037978,41754.037978,40930.037978,41754.037978,824.0,824,57.32692307692308
1584,40904.037978,40904.037978,41831.037978,40904.037978,41831.037978,927.0,927,57.416666666666664
1588,40961.037978,40961.037978,41846.037978,40961.037978,41846.037978,885.0,885,57.888888888888886
1591,41046.037978,41046.037978,41854.037978,41046.037978,41854.037978,808.0,808,58.170212765957444
1605,41462.037978,41462.037978,41878.037978,41462.037978,41878.037978,416.0,416,60.125
1616,41799.037978,41799.037978,41878.371311,41799.037978,41878.371311,231.02734374999997,238,62.125
1613,41714.037978,41714.037978,41887.037978,41714.037978,41887.037978,173.0,173,61.61538461538461
1600,41262.037978,41262.037978,41913.037978,41262.037978,41913.037978,651.0,651,59.725
1620,41900.037978,41900.037978,41928.787978,41900.037978,41928.787978,110.05859374999999,115,61.25
1590,41011.037978,41011.037978,41951.037978,41011.037978,41951.037978,940.0,940,58.492063492063494
1604,41391.037978,41391.037978,41955.037978,41391.037978,41955.037978,564.0,564,60.114285714285714
1611,41579.037978,41579.037978,42008.037978,41579.037978,42008.037978,429.0,429,61.07692307692308
1285,32966.037978,32966.037978,42026.037978,32966.037978,40899.037978,7933.0,7933,55.14940828402367
1609,41570.037978,41570.037978,42121.037978,41570.037978,42121.037978,551.0,551,60.53125
1599,41249.037978,41249.037978,42128.037978,41249.037978,42128.037978,879.0,879,59.529411764705884
1621,41908.037978,41908.037978,42161.037978,41908.037978,42161.037978,469.50961538461536,506,59.38461538461539
1612,41600.037978,41600.037978,42173.037978,41600.037978,42173.037978,573.0,573,60.1764705882353
1601,41291.037978,41291.037978,42209.037978,41291.037978,42209.037978,918.0,918,59.38181818181818
1608,41559.037978,41559.037978,42295.037978,41559.037978,42295.037978,736.0,736,59.74418604651163
1618,41859.037978,41859.037978,42328.037978,41859.037978,42328.037978,469.0,469,59.03448275862069
1628,42226.037978,42226.037978,42331.037978,42226.037978,42331.037978,105.0,105,58.333333333333336
1328,34080.037978,34433.037978,42393.704645,34181.037978,41631.037978,7450.0,7450,54.77022653721683
1634,42388.037978,42388.037978,42432.371311,42388.037978,42432.371311,127.45833333333334,133,61.333333333333336
1632,42385.037978,42385.037978,42441.037978,42385.037978,42441.037978,56.0,56,60.77777777777778
1372,35419.037978,35419.037978,42443.037978,35419.037978,42443.037978,7024.0,7024,53.65464895635674
1607,41542.037978,41542.037978,42463.037978,41542.037978,42463.037978,921.0,921,59.78333333333333
1610,41570.037978,41570.037978,42466.037978,41570.037978,42466.037978,896.0,896,59.93103448275862
1629,42280.037978,42280.037978,42474.037978,42280.037978,42474.037978,194.0,194,59.95
1630,42320.037978,42320.037978,42477.037978,42320.037978,42477.037978,882.3890625,942,59.95
1619,41888.037978,41888.037978,42503.037978,41888.037978,42503.037978,615.0,615,59.25
1614,41727.037978,41727.037978,42509.037978,41727.037978,42509.037978,782.0,782,59.719298245614034
1626,42172.037978,42172.037978,42515.037978,42172.037978,42515.037978,343.0,343,59.13333333333333
1376,35602.037978,35602.037978,42544.037978,35602.037978,42544.037978,6942.0,6942,53.72243346007605
1468,37878.037978,37878.037978,42563.037978,37878.037978,42563.037978,4685.0,4685,53.174041297935105
1623,42051.037978,42051.037978,42609.037978,42051.037978,42609.037978,558.0,558,58.43181818181818
1326,34024.037978,34657.037978,42623.037978,34159.037978,41748.037978,7589.0,7589,54.998456790123456
1617,41844.037978,41844.037978,42629.037978,41844.037978,42629.037978,785.0,785,58.984375
1638,42441.037978,42441.037978,42638.037978,42441.037978,42638.037978,197.0,197,57.81818181818182
1622,41935.037978,41935.037978,42664.037978,41935.037978,42664.037978,729.0,729,58.30357142857143
1645,42609.037978,42609.037978,42687.037978,42609.037978,42687.037978,78.0,78,56.625
1642,42552.037978,42552.037978,42741.037978,42552.037978,42741.037978,189.0,189,56.6875
1643,42559.037978,42559.037978,42751.037978,42559.037978,42751.037978,192.0,192,56.6875
1627,42179.037978,42179.037978,42752.037978,42179.037978,42752.037978,573.0,573,58.0
1304,33517.037978,33517.037978,42771.371311,33517.037978,41401.037978,7884.0,7884,55.306151645207436
1644,42573.037978,42573.037978,42794.037978,42573.037978,42794.037978,221.0,221,56.285714285714285
1652,42768.037978,42768.037978,42805.037978,42768.037978,42805.037978,37.0,37,56.6
1633,42385.037978,42385.037978,42833.037978,42385.037978,42833.037978,448.0,448,57.604166666666664
1654,42825.037978,42825.037978,42878.037978,42825.037978,42878.037978,53.0,53,55.666666666666664
1637,42412.037978,42412.037978,42905.037978,42412.037978,42905.037978,493.0,493,57.17777777777778
1624,42082.037978,42082.037978,42947.037978,42082.037978,42947.037978,865.0,865,57.4054054054054
1651,42758.037978,42758.037978,42998.704645,42758.037978,42998.704645,631.75,722,56.0
1255,31995.037978,31995.037978,43007.454645,31995.037978,41398.037978,9403.0,9403,55.43703703703704
1398,36279.037978,36279.037978,43051.037978,36279.037978,43051.037978,6772.0,6772,53.88952380952381
1655,42906.037978,42906.037978,43097.037978,42906.037978,43097.037978,191.0,191,56.733333333333334
1510,39105.037978,39105.037978,43115.037978,39105.037978,43115.037978,4010.0,4010,54.94019933554817
1540,39959.037978,39959.037978,43199.037978,39959.037978,43199.037978,8549.632653061224,9720,56.29387755102041
1521,39407.037978,39407.037978,43221.037978,39407.037978,43221.037978,3814.0,3814,55.36363636363637
1649,42714.037978,42714.037978,43246.037978,42714.037978,43246.037978,532.0,532,56.717948717948715
1650,42756.037978,42756.037978,43311.237978,42756.037978,43311.237978,2480.1602564102564,2776,57.17948717948718
1580,40760.037978,40760.037978,43327.037978,40760.037978,43327.037978,2567.0,2567,57.86413043478261
1666,43184.037978,43184.037978,43330.037978,43184.037978,43330.037978,146.0,146,60.13333333333333
1670,43248.037978,43248.037978,43366.437978,43248.037978,43366.437978,567.3333333333334,592,61.333333333333336
1552,40232.037978,40232.037978,43384.037978,40232.037978,43384.037978,3152.0,3152,57.118143459915615
1615,41782.037978,41782.037978,43423.704645,41782.037978,43423.704645,4491.207787298387,4925,58.36290322580645
1665,43165.037978,43165.037978,43482.037978,43165.037978,43482.037978,317.0,317,59.904761904761905
1597,41206.037978,41206.037978,43572.037978,41206.037978,43572.037978,2366.0,2366,58.39375
1337,34288.037978,35036.037978,43617.037978,34461.037978,43042.037978,8581.0,8581,54.97113997113997
1656,42916.037978,42916.037978,43622.037978,42916.037978,43622.037978,706.0,706,58.97727272727273
1648,42699.037978,42699.037978,43630.037978,42699.037978,43630.037978,931.0,931,58.03225806451613
1660,42938.037978,42938.037978,43657.037978,42938.037978,43657.037978,719.0,719,59.333333333333336
1673,43322.037978,43322.037978,43728.037978,43322.037978,43728.037978,406.0,406,60.48
1625,42167.037978,42167.037978,43730.204644,42167.037978,43699.537978,5579.053151709402,6130,58.24786324786325
1502,38820.037978,38820.037978,43733.037978,38820.037978,43733.037978,4913.0,4913,55.25915492957746
1657,42921.037978,42921.037978,43774.037978,42921.037978,43774.037978,853.0,853,59.4
1458,37487.037978,37487.037978,43785.037978,37487.037978,43785.037978,6298.0,6298,53.95584988962472
1676,43544.037978,43544.037978,43795.371311,43544.037978,43795.371311,712.2747395833334,754,60.458333333333336
1685,43721.037978,43721.037978,43820.037978,43721.037978,43820.037978,99.0,99,61.09090909090909
1684,43720.037978,43720.037978,43850.037978,43720.037978,43850.037978,130.0,130,60.92307692307692
1683,43712.037978,43712.037978,43917.371311,43712.037978,43917.371311,582.8472222222222,616,60.55555555555556
1663,43059.037978,43059.037978,43938.037978,43059.037978,43938.037978,879.0,879,59.94642857142857
1680,43604.037978,43604.037978,43950.037978,43604.037978,43950.037978,346.0,346,60.333333333333336
1669,43240.037978,43240.037978,43964.037978,43240.037978,43964.037978,724.0,724,60.270833333333336
1661,43008.037978,43008.037978,43965.037978,43008.037978,43965.037978,957.0,957,59.67741935483871
1668,43225.037978,43225.037978,44007.037978,43225.037978,44007.037978,782.0,782,59.9811320754717
1694,44019.037978,44019.037978,44032.287978,44019.037978,44032.287978,48.03125,53,58.0
1581,40775.037978,40775.037978,44084.037978,40775.037978,44084.037978,3309.0,3309,58.26293103448276
1678,43568.037978,43568.037978,44091.037978,43568.037978,44091.037978,523.0,523,59.674418604651166
1696,44052.037978,44052.037978,44159.871311,44052.037978,44159.871311,603.6741071428571,647,59.714285714285715
1667,43202.037978,43202.037978,44167.037978,43202.037978,44167.037978,965.0,965,59.76119402985075
1687,43776.037978,43776.037978,44218.037978,43776.037978,44218.037978,442.0,442,59.06666666666667
1692,43998.037978,43998.037978,44242.371311,43998.037978,44242.371311,671.6920955882354,733,58.64705882352941
1693,43998.037978,43998.037978,44275.371311,43998.037978,44275.371311,763.1764705882354,832,58.705882352941174
1551,40223.037978,40223.037978,44276.037978,40223.037978,44276.037978,4053.0,4053,57.53061224489796
1672,43307.037978,43307.037978,44293.037978,43307.037978,44293.037978,986.0,986,59.57575757575758
1695,44049.037978,44049.037978,44294.704645,44049.037978,44294.704645,670.6158088235294,737,58.23529411764706
1675,43404.037978,43404.037978,44300.037978,43404.037978,44300.037978,896.0,896,59.15
1699,44100.037978,44100.037978,44331.037978,44100.037978,44331.037978,618.0360576923077,693,57.07692307692308
1700,44161.037978,44161.037978,44371.037978,44161.037978,44371.037978,210.0,210,55.8
1576,40634.037978,40634.037978,44396.037978,40634.037978,44396.037978,3762.0,3762,58.0727969348659
1690,43875.037978,43875.037978,44423.037978,43875.037978,44423.037978,548.0,548,57.24324324324324
1689,43865.037978,43865.037978,44428.037978,43865.037978,44428.037978,563.0,563,57.12820512820513
1681,43660.037978,43660.037978,44522.037978,43660.037978,44522.037978,862.0,862,57.68333333333333
1603,41325.037978,41325.037978,44560.037978,41325.037978,44560.037978,3235.0,3235,58.25909090909091
1704,44355.037978,44355.037978,44565.037978,44355.037978,44565.037978,210.0,210,53.857142857142854
1701,44278.037978,44278.037978,44672.037978,44278.037978,44672.037978,394.0,394,54.16
1706,44475.037978,44475.037978,44694.787978,44475.037978,44694.787978,761.3994140625,879,55.4375
1697,44056.037978,44056.037978,44703.037978,44056.037978,44703.037978,647.0,647,55.95238095238095
1713,44651.037978,44651.037978,44720.037978,44651.037978,44720.037978,69.0,69,57.375
1708,44499.037978,44499.037978,44725.037978,44499.037978,44725.037978,593.8731617647059,678,56.05882352941177
1647,42662.037978,42662.037978,44821.037978,42662.037978,44821.037978,2159.0,2159,57.66891891891892
1653,42791.037978,42791.037978,44833.037978,42791.037978,44833.037978,2042.0,2042,57.89928057553957
1717,44732.037978,44732.037978,44857.037978,44732.037978,44857.037978,349.7596153846154,375,59.69230769230769
1639,42476.037978,42476.037978,44860.037978,42476.037978,44860.037978,2384.0,2384,57.770114942528735
1710,44543.037978,44543.037978,44928.037978,44543.037978,44928.037978,385.0,385,58.90909090909091
1715,44692.037978,44692.037978,44942.037978,44692.037978,44942.037978,250.0,250,60.15384615384615
1677,43555.037978,43555.037978,44950.037978,43555.037978,44950.037978,1395.0,1395,58.36190476190476
1424,36823.037978,36823.037978,44956.537978,36823.037978,44913.037978,8090.0,8090,54.99669966996699
1729,44899.037978,44899.037978,44962.037978,44899.037978,44962.037978,63.0,63,63.285714285714285
1720,44754.037978,44754.037978,45001.037978,44754.037978,45001.037978,247.0,247,62.0
1702,44343.037978,44343.037978,45018.037978,44343.037978,45018.037978,675.0,675,58.333333333333336
1559,40319.037978,40319.037978,45068.037978,40319.037978,45068.037978,4749.0,4749,57.84393063583815
1734,44985.037978,44985.037978,45095.037978,44985.037978,45095.037978,110.0,110,63.625
1724,44830.037978,44830.037978,45111.037978,44830.037978,45111.037978,281.0,281,62.827586206896555
1718,44740.037978,44740.037978,45116.037978,44740.037978,45116.037978,376.0,376,62.08108108108108
1705,44435.037978,44435.037978,45120.037978,44435.037978,45120.037978,685.0,685,59.78333333333333
1709,44533.037978,44533.037978,45126.037978,44533.037978,45126.037978,593.0,593,60.44642857142857
1712,44638.037978,44638.037978,45140.037978,44638.037978,45140.037978,502.0,502,61.01923076923077
1703,44343.037978,44343.037978,45147.037978,44343.037978,45147.037978,804.0,804,59.333333333333336
1719,44748.037978,44748.037978,45170.037978,44748.037978,45170.037978,422.0,422,62.23809523809524
1739,45103.037978,45103.037978,45259.037978,45103.037978,45259.037978,156.0,156,62.4
1707,44479.037978,44479.037978,45259.037978,44479.037978,45259.037978,780.0,780,60.31884057971015
1542,39977.037978,39977.037978,45270.037978,39977.037978,45270.037978,5293.0,5293,57.5678391959799
1741,45182.037978,45182.037978,45275.837978,45182.037978,45275.837978,454.34375,469,62.0
1448,37226.037978,37226.037978,45279.537978,37226.037978,45225.037978,7999.0,7999,55.11241610738255
1732,44976.037978,44976.037978,45339.037978,44976.037978,45339.037978,363.0,363,62.48571428571429
1747,45283.037978,45283.037978,45342.037978,45283.037978,45342.037978,59.0,59,61.8
1744,45217.037978,45217.037978,45342.037978,45217.037978,45342.037978,125.0,125,62.142857142857146
1714,44672.037978,44672.037978,45400.037978,44672.037978,45400.037978,728.0,728,61.371428571428574
1658,42924.037978,42924.037978,45411.037978,42924.037978,45411.037978,2487.0,2487,59.36413043478261
1738,45103.037978,45103.037978,45414.037978,45103.037978,45414.037978,311.0,311,61.90625
1492,38575.037978,38575.037978,45449.037978,38575.037978,45449.037978,6874.0,6874,55.966796875
1740,45116.037978,45116.037978,45504.037978,45116.037978,45504.037978,388.0,388,61.39393939393939
1389,36040.037978,36040.037978,45522.537978,36040.037978,45419.037978,9379.0,9379,55.287277701778386
1723,44826.037978,44826.037978,45540.037978,44826.037978,45540.037978,714.0,714,62.01449275362319
1726,44851.037978,44851.037978,45551.037978,44851.037978,45551.037978,700.0,700,62.0735294117647
1743,45204.037978,45204.037978,45559.037978,45204.037978,45559.037978,355.0,355,61.51428571428571
1760,45558.037978,45558.037978,45594.371311,45558.037978,45594.371311,106.72916666666666,109,62.666666666666664
1716,44693.037978,44693.037978,45596.037978,44693.037978,45596.037978,903.0,903,61.44318181818182
1754,45495.037978,45495.037978,45626.037978,45495.037978,45626.037978,131.0,131,61.666666666666664
1640,42527.037978,42527.037978,45633.037978,42527.037978,45633.037978,3106.0,3106,59.049586776859506
1482,38326.037978,38326.037978,45649.037978,38326.037978,45649.037978,7323.0,7323,55.952983725135624
1722,44800.037978,44800.037978,45717.037978,44800.037978,45717.037978,917.0,917,61.92045454545455
1725,44838.037978,44838.037978,45731.037978,44838.037978,45731.037978,893.0,893,61.98809523809524
1764,45651.037978,45651.037978,45788.037978,45651.037978,45788.037978,137.0,137,61.714285714285715
1756,45513.037978,45513.037978,45792.037978,45513.037978,45792.037978,279.0,279,61.76
1742,45199.037978,45199.037978,45792.037978,45199.037978,45792.037978,593.0,593,61.45283018867924
1562,40407.037978,40407.037978,45817.037978,40407.037978,45817.037978,5410.0,5410,58.52682926829268
1728,44873.037978,44873.037978,45831.037978,44873.037978,45831.037978,958.0,958,61.839080459770116
1733,44982.037978,44982.037978,45843.037978,44982.037978,45843.037978,861.0,861,61.69620253164557
1731,44969.037978,44969.037978,45889.037978,44969.037978,45889.037978,920.0,920,61.6144578313253
1752,45429.037978,45429.037978,45918.037978,45429.037978,45918.037978,489.0,489,61.0
1751,45404.037978,45404.037978,45934.037978,45404.037978,45934.037978,530.0,530,60.91304347826087
1745,45256.037978,45256.037978,45958.037978,45256.037978,45958.037978,702.0,702,61.096774193548384
1631,42334.037978,42334.037978,45960.037978,42334.037978,45960.037978,3626.0,3626,59.18181818181818
1768,45808.037978,45808.037978,45971.037978,45808.037978,45971.037978,451.27441406249994,489,59.0625
1755,45510.037978,45510.037978,45998.037978,45510.037978,45998.037978,488.0,488,60.56818181818182
1736,45068.037978,45068.037978,46010.037978,45068.037978,46010.037978,942.0,942,61.07058823529412
1674,43322.037978,43322.037978,46012.037978,43322.037978,46012.037978,2690.0,2690,59.72380952380952
1737,45079.037978,45079.037978,46058.037978,45079.037978,46058.037978,979.0,979,60.741573033707866
1746,45269.037978,45269.037978,46076.037978,45269.037978,46076.037978,807.0,807,60.19718309859155
1501,38787.037978,38787.037978,46096.037978,38787.037978,46096.037978,7309.0,7309,56.70932358318099
1779,46100.037978,46100.037978,46156.037978,46100.037978,46156.037978,56.0,56,56.0
1776,46042.037978,46042.037978,46173.037978,46042.037978,46173.037978,131.0,131,55.90909090909091
1462,37596.037978,37596.037978,46210.037978,37596.037978,46210.037978,8614.0,8614,55.599374021909235
1526,39543.037978,39543.037978,46272.037978,39543.037978,46272.037978,6729.0,6729,57.396484375
1759,45550.037978,45550.037978,46292.037978,45550.037978,46292.037978,742.0,742,58.983333333333334
1773,45958.037978,45958.037978,46293.037978,45958.037978,46293.037978,335.0,335,56.75
1730,44912.037978,44912.037978,46337.037978,44912.037978,46337.037978,1425.0,1425,60.41129032258065
1778,46095.037978,46095.037978,46338.037978,46095.037978,46338.037978,243.0,243,57.25
1772,45890.037978,45890.037978,46358.037978,45890.037978,46358.037978,468.0,468,57.1578947368421
1698,44062.037978,44062.037978,46365.037978,44062.037978,46365.037978,2303.0,2303,59.3031914893617
1646,42659.037978,42659.037978,46386.982422,42659.037978,45260.037978,7185.819769965278,7798,58.97569444444444
1761,45602.037978,45602.037978,46390.037978,45602.037978,46390.037978,788.0,788,58.421875
1767,45773.037978,45773.037978,46405.037978,45773.037978,46405.037978,632.0,632,57.654545454545456
1784,46245.037978,46245.037978,46422.037978,46245.037978,46422.037978,177.0,177,57.22222222222222
1765,45698.037978,45698.037978,46427.037978,45698.037978,46427.037978,729.0,729,57.80327868852459
1763,45625.037978,45625.037978,46429.037978,45625.037978,46429.037978,804.0,804,58.0
1775,46031.037978,46031.037978,46438.037978,46031.037978,46438.037978,407.0,407,56.25
1758,45549.037978,45549.037978,46464.037978,45549.037978,46464.037978,915.0,915,58.139240506329116
1780,46164.037978,46164.037978,46470.037978,46164.037978,46470.037978,306.0,306,55.86666666666667
1787,46310.037978,46310.037978,46527.037978,46310.037978,46527.037978,217.0,217,54.25
1762,45603.037978,45603.037978,46566.037978,45603.037978,46566.037978,963.0,963,57.19736842105263
1777,46045.037978,46045.037978,46614.037978,46045.037978,46614.037978,569.0,569,54.88636363636363
1786,46263.037978,46263.037978,46674.037978,46263.037978,46674.037978,411.0,411,53.81818181818182
1766,45707.037978,45707.037978,46684.037978,45707.037978,46684.037978,977.0,977,56.16883116883117
1771,45870.037978,45870.037978,46692.037978,45870.037978,46692.037978,822.0,822,55.121212121212125
1796,46664.037978,46664.037978,46725.037978,46664.037978,46725.037978,61.0,61,51.666666666666664
1788,46328.037978,46328.037978,46745.037978,46328.037978,46745.037978,417.0,417,52.705882352941174
1801,46751.037978,46751.037978,46761.787978,46751.037978,46761.787978,34.489583333333336,43,51.333333333333336
1790,46397.037978,46397.037978,46765.037978,46397.037978,46765.037978,368.0,368,51.266666666666666
1774,45961.037978,45961.037978,46847.037978,45961.037978,46847.037978,886.0,886,54.08571428571429
1805,46808.037978,46808.037978,46944.037978,46808.037978,46944.037978,136.0,136,54.375
1800,46698.037978,46698.037978,46950.037978,46698.037978,46950.037978,252.0,252,52.77777777777778
1791,46458.037978,46458.037978,46957.037978,46458.037978,46957.037978,499.0,499,51.80555555555556
1798,46669.037978,46669.037978,46967.037978,46669.037978,46967.037978,298.0,298,52.84615384615385
1783,46206.037978,46206.037978,47002.037978,46206.037978,47002.037978,796.0,796,53.734375
1810,46942.037978,46942.037978,47086.037978,46942.037978,47086.037978,144.0,144,55.583333333333336
1587,40956.037978,40956.037978,47099.037978,40956.037978,47099.037978,6143.0,6143,58.09170305676856
1803,46787.037978,46787.037978,47127.037978,46787.037978,47127.037978,340.0,340,54.608695652173914
1641,42548.037978,42548.037978,47133.037978,42548.037978,47133.037978,4585.0,4585,57.94900849858357
1812,46968.037978,46968.037978,47141.037978,46968.037978,47141.037978,173.0,173,55.46153846153846
1799,46691.037978,46691.037978,47144.037978,46691.037978,47144.037978,453.0,453,53.83783783783784
1818,47139.037978,47139.037978,47172.037978,47139.037978,47172.037978,33.0,33,55.57142857142857
1793,46546.037978,46546.037978,47176.037978,46546.037978,47176.037978,630.0,630,53.40384615384615
1785,46261.037978,46261.037978,47215.037978,46261.037978,47215.037978,954.0,954,54.0375
1821,47170.037978,47170.037978,47244.704645,47170.037978,47244.704645,197.0,224,56.285714285714285
1797,46664.037978,46664.037978,47275.037978,46664.037978,47275.037978,611.0,611,54.05882352941177
1822,47187.037978,47187.037978,47293.037978,47187.037978,47293.037978,460.20089285714283,530,55.57142857142857
1814,47038.037978,47038.037978,47338.037978,47038.037978,47338.037978,300.0,300,55.46153846153846
1794,46573.037978,46573.037978,47343.037978,46573.037978,47343.037978,770.0,770,53.868852459016395
1518,39303.037978,39303.037978,47376.037978,39303.037978,47376.037978,8073.0,8073,56.704065040650406
1671,43292.037978,43292.037978,47389.037978,43292.037978,47389.037978,4097.0,4097,57.95652173913044
1827,47347.037978,47347.037978,47421.037978,47347.037978,47421.037978,74.0,74,54.666666666666664
1831,47437.037978,47437.037978,47442.371311,47437.037978,47442.371311,28.0,32,56.0
1820,47154.037978,47154.037978,47449.037978,47154.037978,47449.037978,295.0,295,55.23076923076923
1807,46873.037978,46873.037978,47455.037978,46873.037978,47455.037978,582.0,582,55.21153846153846
1829,47392.037978,47392.037978,47455.537978,47392.037978,47455.537978,328.6125,381,55.2
1815,47079.037978,47079.037978,47464.037978,47079.037978,47464.037978,385.0,385,55.24390243902439
1816,47110.037978,47110.037978,47486.037978,47110.037978,47486.037978,376.0,376,55.073170731707314
1593,41157.037978,41157.037978,47498.037978,41157.037978,47498.037978,6341.0,6341,57.87321063394683
1688,43786.037978,43786.037978,47521.037978,43786.037978,47521.037978,3735.0,3735,57.485245901639345
1825,47297.037978,47297.037978,47544.037978,47297.037978,47544.037978,844.3125,988,54.69230769230769
1769,45813.037978,45813.037978,47596.037978,45813.037978,47596.037978,1783.0,1783,54.91216216216216
1839,47589.037978,47589.037978,47615.371311,47589.037978,47615.371311,135.1640625,158,54.75
1806,46838.037978,46838.037978,47624.037978,46838.037978,47624.037978,786.0,786,54.885714285714286
1809,46936.037978,46936.037978,47649.037978,46936.037978,47649.037978,713.0,713,54.940298507462686
1833,47449.037978,47449.037978,47713.037978,47449.037978,47713.037978,264.0,264,54.0
1804,46795.037978,46795.037978,47713.037978,46795.037978,47713.037978,918.0,918,54.675324675324674
1837,47562.037978,47562.037978,47743.037978,47562.037978,47743.037978,755.9795673076924,905,53.46153846153846
1834,47469.037978,47469.037978,47749.037978,47469.037978,47749.037978,280.0,280,53.523809523809526
1487,38383.037978,38383.037978,47771.037978,38383.037978,47713.037978,9330.0,9330,55.80307262569833
1808,46879.037978,46879.037978,47826.037978,46879.037978,47826.037978,947.0,947,54.45679012345679
1471,37950.037978,37950.037978,47828.037978,37950.037978,47745.037978,9795.0,9795,55.533422459893046
1817,47134.037978,47134.037978,47842.037978,47134.037978,47842.037978,708.0,708,54.121212121212125
1813,46992.037978,46992.037978,47858.037978,46992.037978,47858.037978,866.0,866,54.276315789473685
1843,47751.037978,47751.037978,47859.037978,47751.037978,47859.037978,108.0,108,51.916666666666664
1636,42410.037978,42466.037978,47883.037978,42443.037978,47860.037978,5417.0,5417,57.35990888382688
1846,47807.037978,47807.037978,47905.037978,47807.037978,47905.037978,98.0,98,52.0
1824,47285.037978,47285.037978,47925.037978,47285.037978,47925.037978,640.0,640,53.355932203389834
1782,46206.037978,46206.037978,47925.037978,46206.037978,47925.037978,1719.0,1719,53.821917808219176
1811,46963.037978,46963.037978,47932.037978,46963.037978,47932.037978,969.0,969,53.764044943820224
1840,47607.037978,47607.037978,47961.037978,47607.037978,47961.037978,354.0,354,51.53125
1753,45431.037978,45431.037978,47962.7602,45431.037978,47936.037978,6497.8950264084515,7515,55.33802816901409
1757,45517.037978,45517.037978,47974.037978,45517.037978,47974.037978,2457.0,2457,55.14903846153846
1830,47422.037978,47422.037978,47982.037978,47422.037978,47982.037978,560.0,560,52.32727272727273
1849,47875.037978,47875.037978,48005.204645,47875.037978,48005.204645,592.2583333333333,781,48.53333333333333
1847,47819.037978,47819.037978,48022.037978,47819.037978,48022.037978,203.0,203,49.608695652173914
1848,47836.037978,47836.037978,48047.037978,47836.037978,48047.037978,211.0,211,48.80952380952381
1853,47998.037978,47998.037978,48077.537978,47998.037978,48077.537978,222.17410714285714,318,44.714285714285715
1845,47786.037978,47786.037978,48084.037978,47786.037978,48084.037978,298.0,298,48.8
1823,47207.037978,47207.037978,48130.037978,47207.037978,48130.037978,923.0,923,51.9625
1836,47486.037978,47486.037978,48236.037978,47486.037978,48236.037978,750.0,750,49.74193548387097
1855,48077.037978,48077.037978,48304.037978,48077.037978,48304.037978,227.0,227,46.76470588235294
1659,42932.037978,42932.037978,48343.237978,42932.037978,48339.037978,5407.0,5407,56.549065420560744
1832,47443.037978,47443.037978,48370.037978,47443.037978,48370.037978,927.0,927,50.75609756097561
1863,48213.037978,48213.037978,48377.287978,48213.037978,48377.287978,541.3406249999999,657,52.733333333333334
1871,48341.037978,48341.037978,48412.037978,48341.037978,48412.037978,245.3303571428571,284,55.285714285714285
1842,47683.037978,47683.037978,48534.037978,47683.037978,48534.037978,851.0,851,50.1044776119403
1867,48305.037978,48305.037978,48540.037978,48305.037978,48540.037978,235.0,235,54.6875
1838,47575.037978,47575.037978,48542.037978,47575.037978,48542.037978,967.0,967,50.62337662337662
1851,47927.037978,47927.037978,48578.037978,47927.037978,48578.037978,651.0,651,50.12
1876,48519.037978,48519.037978,48640.037978,48519.037978,48640.037978,121.0,121,56.18181818181818
1875,48491.037978,48491.037978,48683.704645,48491.037978,48683.704645,511.958984375,578,56.6875
1548,40195.037978,40195.037978,48734.237978,40195.037978,48549.037978,8354.0,8354,56.57703927492447
1881,48639.037978,48639.037978,48752.704645,48639.037978,48752.704645,311.39930555555554,341,58.44444444444444
1844,47785.037978,47785.037978,48775.037978,47785.037978,48775.037978,990.0,990,51.58974358974359
1868,48316.037978,48316.037978,48814.037978,48316.037978,48814.037978,498.0,498,56.35294117647059
1861,48208.037978,48208.037978,48830.037978,48208.037978,48830.037978,622.0,622,55.26086956521739
1885,48752.037978,48752.037978,48846.637978,48752.037978,48846.637978,435.375,473,58.90909090909091
1856,48164.037978,48164.037978,48866.037978,48164.037978,48866.037978,702.0,702,54.660714285714285
1857,48182.037978,48182.037978,48889.037978,48182.037978,48889.037978,707.0,707,55.08771929824562
1889,48823.037978,48823.037978,48901.537978,48823.037978,48901.537978,147.1875,157,60.0
1880,48603.037978,48603.037978,48907.037978,48603.037978,48907.037978,839.6538461538461,912,58.92307692307692
1854,48065.037978,48065.037978,48908.037978,48065.037978,48908.037978,843.0,843,54.21212121212121
1888,48814.037978,48814.037978,48946.037978,48814.037978,48946.037978,132.0,132,59.333333333333336
1686,43742.037978,43742.037978,48955.037978,43742.037978,48955.037978,5213.0,5213,56.30331753554503
1749,45301.037978,45301.037978,48972.037978,45301.037978,48972.037978,3671.0,3671,55.11295681063123
1864,48229.037978,48229.037978,49020.037978,48229.037978,49020.037978,791.0,791,56.645161290322584
1664,43096.037978,43096.037978,49038.237978,43096.037978,48975.037978,5879.0,5879,56.64968152866242
1894,48938.037978,48938.037978,49038.371311,48938.037978,49038.371311,541.2869318181818,602,57.54545454545455
1858,48182.037978,48182.037978,49091.037978,48182.037978,49091.037978,909.0,909,55.84931506849315
1869,48322.037978,48322.037978,49092.037978,48322.037978,49092.037978,770.0,770,57.34426229508197
1878,48569.037978,48569.037978,49094.037978,48569.037978,49094.037978,525.0,525,58.130434782608695
1898,49014.037978,49014.037978,49125.037978,49014.037978,49125.037978,111.0,111,57.09090909090909
1602,41320.037978,41320.037978,49125.654645,41320.037978,48779.037978,7459.0,7459,56.9670510708402
1865,48278.037978,48278.037978,49144.037978,48278.037978,49144.037978,866.0,866,56.78378378378378
1904,49134.037978,49134.037978,49205.037978,49134.037978,49205.037978,71.0,71,57.0
1901,49109.037978,49109.037978,49208.837978,49109.037978,49208.837978,440.1690340909091,499,56.45454545454545
1882,48649.037978,48649.037978,49245.037978,48649.037978,49245.037978,596.0,596,57.94642857142857
1884,48681.037978,48681.037978,49252.037978,48681.037978,49252.037978,571.0,571,57.981818181818184
1682,43705.037978,43705.037978,49272.037978,43705.037978,49272.037978,5567.0,5567,56.44588744588744
1874,48449.037978,48449.037978,49365.037978,48449.037978,49365.037978,916.0,916,57.77922077922078
1897,49005.037978,49005.037978,49369.037978,49005.037978,49369.037978,364.0,364,57.8
1523,39482.037978,39482.037978,49388.821311,39482.037978,48917.037978,9435.0,9435,56.257400257400256
1902,49125.037978,49125.037978,49404.037978,49125.037978,49404.037978,279.0,279,58.46153846153846
1892,48863.037978,48863.037978,49408.037978,48863.037978,49408.037978,545.0,545,58.17307692307692
1883,48674.037978,48674.037978,49452.037978,48674.037978,49452.037978,778.0,778,58.333333333333336
1887,48805.037978,48805.037978,49453.037978,48805.037978,49453.037978,648.0,648,58.25396825396825
1909,49236.037978,49236.037978,49530.037978,49236.037978,49530.037978,294.0,294,59.27272727272727
1886,48773.037978,48773.037978,49534.037978,48773.037978,49534.037978,761.0,761,58.2463768115942
1873,48411.037978,48411.037978,49543.037978,48411.037978,49543.037978,1132.0,1132,57.83695652173913
1890,48839.037978,48839.037978,49570.037978,48839.037978,49570.037978,731.0,731,58.140625
1795,46596.037978,46596.037978,49596.037978,46596.037978,49596.037978,3000.0,3000,54.391129032258064
1899,49061.037978,49061.037978,49604.037978,49061.037978,49604.037978,543.0,543,57.787234042553195
1921,49591.037978,49591.037978,49625.037978,49591.037978,49625.037978,34.0,34,56.2
1527,39555.037978,39555.037978,49627.021311,39555.037978,49013.037978,9458.0,9458,56.34942820838628
1852,47928.037978,47928.037978,49738.037978,47928.037978,49738.037978,1810.0,1810,55.17857142857143
1907,49223.037978,49223.037978,49763.037978,49223.037978,49763.037978,540.0,540,57.794871794871796
1792,46477.037978,46477.037978,49782.037978,46477.037978,49782.037978,3305.0,3305,54.33712121212121
1919,49509.037978,49509.037978,49796.037978,49509.037978,49796.037978,287.0,287,56.05
1924,49736.037978,49736.037978,49802.037978,49736.037978,49802.037978,66.0,66,55.333333333333336
1923,49703.037978,49703.037978,49806.537978,49703.037978,49806.537978,356.36931818181824,414,55.09090909090909
1679,43599.037978,43599.037978,49861.871311,43599.037978,49760.037978,6161.0,6161,56.537549407114625
1910,49240.037978,49240.037978,49870.037978,49240.037978,49870.037978,630.0,630,57.20454545454545
1926,49775.037978,49775.037978,49870.537978,49775.037978,49870.537978,322.3125,382,54.0
1895,48960.037978,48960.037978,49907.837978,48960.037978,49907.837978,4212.5571489726035,4739,56.89041095890411
1915,49344.037978,49344.037978,49923.037978,49344.037978,49923.037978,579.0,579,56.23076923076923
1635,42403.037978,42477.037978,49925.854644,42477.037978,49339.037978,6862.0,6862,56.68447412353923
1896,48960.037978,48960.037978,49950.037978,48960.037978,49950.037978,990.0,990,56.54666666666667
1917,49452.037978,49452.037978,49965.037978,49452.037978,49965.037978,513.0,513,53.945945945945944
1914,49344.037978,49344.037978,50029.037978,49344.037978,50029.037978,685.0,685,54.63461538461539
1913,49293.037978,49293.037978,50062.037978,49293.037978,50062.037978,769.0,769,54.63636363636363
1903,49125.037978,49125.037978,50116.037978,49125.037978,50116.037978,991.0,991,55.270270270270274
1905,49149.037978,49149.037978,50128.037978,49149.037978,50128.037978,979.0,979,55.15492957746479
1866,48285.037978,48285.037978,50142.037978,48285.037978,50142.037978,1857.0,1857,55.98620689655172
1927,49797.037978,49797.037978,50173.037978,49797.037978,50173.037978,376.0,376,50.75
1691,43877.037978,43877.037978,50203.871311,43877.037978,50096.037978,6219.0,6219,56.043392504930964
1930,49957.037978,49957.037978,50269.037978,49957.037978,50269.037978,312.0,312,50.80952380952381
1918,49454.037978,49454.037978,50323.037978,49454.037978,50323.037978,869.0,869,52.74545454545454
1916,49379.037978,49379.037978,50371.037978,49379.037978,50371.037978,992.0,992,53.3968253968254
1662,43051.037978,43199.037978,50383.437977,43097.037978,49989.037978,6892.0,6892,56.33274647887324
1922,49619.037978,49619.037978,50516.037978,49619.037978,50516.037978,897.0,897,51.69090909090909
1572,40569.037978,40569.037978,50542.687977,40569.037978,49422.037978,8853.0,8853,56.57255936675462
1945,50487.037978,50487.037978,50551.037978,50487.037978,50551.037978,64.0,64,54.0
1925,49762.037978,49762.037978,50554.037978,49762.037978,50554.037978,792.0,792,51.654545454545456
1933,49996.037978,49996.037978,50621.037978,49996.037978,50621.037978,625.0,625,52.13513513513514
1936,50031.037978,50031.037978,50634.037978,50031.037978,50634.037978,603.0,603,52.294117647058826
1932,49995.037978,49995.037978,50673.037978,49995.037978,50673.037978,678.0,678,52.24390243902439
1946,50491.037978,50491.037978,50705.037978,50491.037978,50705.037978,214.0,214,54.529411764705884
1943,50451.037978,50451.037978,50721.037978,50451.037978,50721.037978,270.0,270,53.80952380952381
1939,50224.037978,50224.037978,50737.037978,50224.037978,50737.037978,513.0,513,52.733333333333334
1906,49155.037978,49155.037978,50749.037978,49155.037978,50749.037978,1594.0,1594,54.22857142857143
1934,49999.037978,49999.037978,50764.037978,49999.037978,50764.037978,765.0,765,52.34090909090909
1935,50015.037978,50015.037978,50767.037978,50015.037978,50767.037978,752.0,752,52.29545454545455
1953,50598.037978,50598.037978,50787.037978,50598.037978,50787.037978,189.0,189,52.46153846153846
1942,50394.037978,50394.037978,50807.037978,50394.037978,50807.037978,413.0,413,52.58620689655172
1955,50774.037978,50774.037978,50823.037978,50774.037978,50823.037978,49.0,49,48.25
1931,49990.037978,49990.037978,50829.037978,49990.037978,50829.037978,839.0,839,51.64150943396226
1947,50491.037978,50491.037978,50861.037978,50491.037978,50861.037978,370.0,370,52.107142857142854
1941,50247.037978,50247.037978,50880.037978,50247.037978,50880.037978,633.0,633,51.46153846153846
1929,49954.037978,49954.037978,50898.037978,49954.037978,50898.037978,944.0,944,51.016666666666666
1596,41198.037978,41198.037978,50978.27131,41198.037978,49482.037978,8284.0,8284,56.325675675675676
1835,47485.037978,47485.037978,50994.037978,47485.037978,50994.037978,3509.0,3509,53.30943396226415
1957,50902.037978,50902.037978,51002.037978,50902.037978,51002.037978,100.0,100,47.0
1770,45832.037978,45832.037978,51042.037978,45832.037978,51042.037978,5210.0,5210,53.77777777777778
1948,50494.037978,50494.037978,51056.037978,50494.037978,51056.037978,562.0,562,50.21739130434783
1964,50992.037978,50992.037978,51082.037978,50992.037978,51082.037978,90.0,90,49.90909090909091
1937,50096.037978,50096.037978,51087.037978,50096.037978,51087.037978,991.0,991,50.36231884057971
1960,50965.037978,50965.037978,51138.037978,50965.037978,51138.037978,173.0,173,49.38095238095238
1967,51029.037978,51029.037978,51155.037978,51029.037978,51155.037978,126.0,126,50.69230769230769
1951,50546.037978,50546.037978,51155.037978,50546.037978,51155.037978,609.0,609,49.90196078431372
1971,51116.037978,51116.037978,51156.037978,51116.037978,51156.037978,40.0,40,51.142857142857146
1966,51025.037978,51025.037978,51174.037978,51025.037978,51174.037978,149.0,149,50.44444444444444
1970,51087.037978,51087.037978,51181.037978,51087.037978,51181.037978,94.0,94,50.416666666666664
1958,50915.037978,50915.037978,51257.037978,50915.037978,51257.037978,342.0,342,49.42857142857143
1969,51074.037978,51074.037978,51259.037978,51074.037978,51259.037978,185.0,185,50.45
1968,51049.037978,51049.037978,51260.037978,51049.037978,51260.037978,211.0,211,50.43478260869565
1944,50459.037978,50459.037978,51312.037978,50459.037978,51312.037978,853.0,853,50.31506849315068
1973,51141.037978,51141.037978,51330.037978,51141.037978,51330.037978,189.0,189,50.23529411764706
1978,51225.037978,51225.037978,51339.204645,51225.037978,51339.204645,535.15625,685,50.0
1954,50636.037978,50636.037978,51364.037978,50636.037978,51364.037978,728.0,728,49.22950819672131
1983,51460.037978,51460.037978,51527.037978,51460.037978,51527.037978,67.0,67,50.333333333333336
1952,50567.037978,50567.037978,51550.037978,50567.037978,51550.037978,983.0,983,49.54929577464789
1721,44760.037978,44760.037978,51619.837978,44760.037978,51510.037978,6750.0,6750,54.96111111111111
1972,51125.037978,51125.037978,51628.037978,51125.037978,51628.037978,503.0,503,49.83870967741935
1735,44997.037978,45001.037978,51647.837978,45001.037978,51563.037978,6562.0,6562,54.628131021194605
1900,49089.037978,49089.037978,51649.037978,49089.037978,51649.037978,2560.0,2560,52.40983606557377
1981,51379.037978,51379.037978,51649.704645,51379.037978,51649.704645,618.515625,812,48.75
1980,51337.037978,51337.037978,51665.037978,51337.037978,51665.037978,328.0,328,48.4375
1956,50844.037978,50844.037978,51666.037978,50844.037978,51666.037978,822.0,822,48.70967741935484
1789,46355.037978,46355.037978,51695.037978,46355.037978,51695.037978,5340.0,5340,52.9437652811736
1963,50988.037978,50988.037978,51760.037978,50988.037978,51760.037978,772.0,772,48.945454545454545
1974,51171.037978,51171.037978,51777.037978,51171.037978,51777.037978,606.0,606,48.08571428571429
1988,51783.037978,51783.037978,51841.037978,51783.037978,51841.037978,58.0,58,44.2
1979,51269.037978,51269.037978,51892.037978,51269.037978,51892.037978,623.0,623,46.65625
1908,49225.037978,49225.037978,51916.037978,49225.037978,51916.037978,2691.0,2691,51.32786885245902
1990,51810.037978,51810.037978,51919.037978,51810.037978,51919.037978,109.0,109,45.142857142857146
1911,49254.037978,49254.037978,51933.037978,49254.037978,51933.037978,2679.0,2679,51.0
1982,51444.037978,51444.037978,51956.037978,51444.037978,51956.037978,512.0,512,45.666666666666664
1977,51219.037978,51219.037978,52014.037978,51219.037978,52014.037978,795.0,795,46.645833333333336
1992,51851.037978,51851.037978,52059.037978,51851.037978,52059.037978,208.0,208,45.3125
1996,51951.037978,51951.037978,52114.037978,51951.037978,52114.037978,356.053125,489,46.6
1950,50545.037978,50545.037978,52211.037978,50545.037978,52211.037978,1666.0,1666,48.52100840336134
2003,52118.037978,52118.037978,52218.037978,52118.037978,52218.037978,100.0,100,51.375
2002,52115.037978,52115.037978,52223.037978,52115.037978,52223.037978,108.0,108,51.0
1999,52050.037978,52050.037978,52304.037978,52050.037978,52304.037978,254.0,254,50.111111111111114
1986,51696.037978,51696.037978,52328.037978,51696.037978,52328.037978,632.0,632,47.348837209302324
2008,52194.037978,52194.037978,52351.371311,52194.037978,52351.371311,390.2604166666667,472,52.916666666666664
2004,52147.037978,52147.037978,52396.037978,52147.037978,52396.037978,249.0,249,52.578947368421055
1998,51981.037978,51981.037978,52414.037978,51981.037978,52414.037978,433.0,433,50.93103448275862
1991,51829.037978,51829.037978,52415.037978,51829.037978,52415.037978,586.0,586,49.093023255813954
2015,52379.037978,52379.037978,52421.037978,52379.037978,52421.037978,42.0,42,53.714285714285715
1850,47916.037978,47916.037978,52423.037978,47916.037978,52423.037978,4507.0,4507,52.01801801801802
1995,51940.037978,51940.037978,52443.037978,51940.037978,52443.037978,503.0,503,50.675
2012,52316.037978,52316.037978,52449.037978,52316.037978,52449.037978,133.0,133,53.3125
1984,51482.037978,51482.037978,52453.037978,51482.037978,52453.037978,971.0,971,48.628571428571426
2013,52343.037978,52343.037978,52473.037978,52343.037978,52473.037978,130.0,130,52.8235294117647
2009,52225.037978,52225.037978,52486.037978,52225.037978,52486.037978,261.0,261,52.625
1993,51924.037978,51924.037978,52487.037978,51924.037978,52487.037978,563.0,563,50.204081632653065
1802,46761.037978,46761.037978,52538.037978,46761.037978,52538.037978,5777.0,5777,52.40765765765766
1748,45294.037978,45294.037978,52557.037978,45294.037978,52557.037978,7263.0,7263,53.452127659574465
2018,52437.037978,52437.037978,52578.037978,52437.037978,52578.037978,141.0,141,50.8125
2010,52302.037978,52302.037978,52608.037978,52302.037978,52608.037978,745.440340909091,918,51.96969696969697
2024,52547.037978,52547.037978,52618.037978,52547.037978,52618.037978,71.0,71,50.666666666666664
2007,52193.037978,52193.037978,52645.037978,52193.037978,52645.037978,452.0,452,51.79545454545455
1859,48200.037978,48200.037978,52656.037978,48200.037978,52656.037978,4456.0,4456,52.301492537313436
1997,51965.037978,51965.037978,52660.037978,51965.037978,52660.037978,695.0,695,50.81666666666667
1781,46167.037978,46167.037978,52675.371311,46167.037978,52670.037978,6503.0,6503,52.48514851485149
2016,52416.037978,52416.037978,52686.037978,52416.037978,52686.037978,270.0,270,50.71875
1711,44617.037978,44617.037978,52687.921311,44617.037978,52410.037978,7793.0,7793,54.15658914728682
2001,52080.037978,52080.037978,52713.037978,52080.037978,52713.037978,633.0,633,51.016666666666666
1912,49270.037978,49270.037978,52721.037978,49270.037978,52721.037978,3451.0,3451,50.745019920318725
2030,52691.037978,52691.037978,52739.037978,52691.037978,52739.037978,106.5,144,47.333333333333336
2014,52379.037978,52379.037978,52858.037978,52379.037978,52858.037978,479.0,479,50.4
2027,52636.037978,52636.037978,52884.037978,52636.037978,52884.037978,248.0,248,49.09090909090909
2022,52518.037978,52518.037978,52885.037978,52518.037978,52885.037978,367.0,367,49.54545454545455
1893,48887.037978,48887.037978,52901.037978,48887.037978,52901.037978,4014.0,4014,51.537953795379536
2036,52843.037978,52843.037978,52912.037978,52843.037978,52912.037978,69.0,69,50.333333333333336
2039,52910.037978,52910.037978,52929.637978,52910.037978,52929.637978,76.1796875,98,49.75
2033,52742.037978,52742.037978,52980.037978,52742.037978,52980.037978,238.0,238,50.05263157894737
2037,52844.037978,52844.037978,52985.037978,52844.037978,52985.037978,141.0,141,50.5625
2021,52516.037978,52516.037978,53005.037978,52516.037978,53005.037978,763.4512500000001,978,49.96
2029,52670.037978,52670.037978,53028.037978,52670.037978,53028.037978,358.0,358,49.857142857142854
1819,47147.037978,47147.037978,53034.371311,47147.037978,53029.037978,5882.0,5882,52.028199566160524
2028,52647.037978,52647.037978,53035.037978,52647.037978,53035.037978,388.0,388,49.975
2038,52898.037978,52898.037978,53121.787978,52898.037978,53121.787978,715.6351902173913,895,51.17391304347826
2035,52794.037978,52794.037978,53139.037978,52794.037978,53139.037978,345.0,345,51.06666666666667
2017,52420.037978,52420.037978,53153.037978,52420.037978,53153.037978,733.0,733,50.40845070422535
1879,48576.037978,48576.037978,53158.037978,48576.037978,53158.037978,4582.0,4582,51.99430199430199
2031,52732.037978,52732.037978,53172.037978,52732.037978,53172.037978,440.0,440,50.473684210526315
2043,52968.037978,52968.037978,53205.037978,52968.037978,53205.037978,237.0,237,51.55
2046,52989.037978,52989.037978,53214.037978,52989.037978,53214.037978,225.0,225,51.0
2025,52614.037978,52614.037978,53263.037978,52614.037978,53263.037978,649.0,649,49.89655172413793
2020,52496.037978,52496.037978,53327.037978,52496.037978,53327.037978,831.0,831,49.89855072463768
2044,52968.037978,52968.037978,53344.037978,52968.037978,53344.037978,376.0,376,50.46153846153846
2042,52944.037978,52944.037978,53357.037978,52944.037978,53357.037978,413.0,413,50.310344827586206
2032,52736.037978,52736.037978,53384.037978,52736.037978,53384.037978,648.0,648,49.714285714285715
2052,53254.037978,53254.037978,53425.787978,53254.037978,53425.787978,502.36875,687,46.8
2054,53359.037978,53359.037978,53430.037978,53359.037978,53430.037978,71.0,71,46.0
2053,53278.037978,53278.037978,53455.037978,53278.037978,53455.037978,511.08750000000003,708,46.2
2023,52537.037978,52537.037978,53477.037978,52537.037978,53477.037978,940.0,940,49.328947368421055
1987,51741.037978,51741.037978,53584.537978,51741.037978,53584.537978,2825.5658557046977,3687,49.04697986577181
2058,53492.037978,53492.037978,53589.837978,53492.037978,53589.837978,365.90104166666663,489,47.888888888888886
2047,52996.037978,52996.037978,53632.037978,52996.037978,53632.037978,636.0,636,48.333333333333336
2045,52986.037978,52986.037978,53636.037978,52986.037978,53636.037978,650.0,650,48.48888888888889
1965,51023.037978,51023.037978,53724.704645,51023.037978,53724.704645,6214.702435661765,8105,49.0735294117647
2048,53037.037978,53037.037978,53755.037978,53037.037978,53755.037978,718.0,718,47.857142857142854
2065,53627.037978,53627.037978,53756.037978,53627.037978,53756.037978,129.0,129,48.875
1860,48207.037978,48207.037978,53769.037978,48207.037978,53769.037978,5562.0,5562,51.62740384615385
2063,53579.037978,53579.037978,53823.037978,53579.037978,53823.037978,556.86328125,732,48.6875
2069,53794.037978,53794.037978,53825.237978,53794.037978,53825.237978,116.1875,156,47.666666666666664
1750,45357.037978,45357.037978,53884.704644,45357.037978,53648.037978,8291.0,8291,52.692541856925416
2040,52927.037978,52927.037978,53923.037978,52927.037978,53923.037978,996.0,996,48.57142857142857
2055,53364.037978,53364.037978,53961.037978,53364.037978,53961.037978,597.0,597,47.58536585365854
1862,48213.037978,48213.037978,54044.037978,48213.037978,54044.037978,5831.0,5831,51.5632183908046
2051,53207.037978,53207.037978,54073.037978,53207.037978,54073.037978,866.0,866,48.24561403508772
1976,51200.037978,51200.037978,54086.037978,51200.037978,54086.037978,2886.0,2886,49.06666666666667
2077,53939.037978,53939.037978,54211.037978,53939.037978,54211.037978,272.0,272,54.1875
2064,53584.037978,53584.037978,54216.037978,53584.037978,54216.037978,632.0,632,50.80952380952381
2067,53733.037978,53733.037978,54253.037978,53733.037978,54253.037978,520.0,520,51.5945945945946
1891,48851.037978,48851.037978,54255.037978,48851.037978,54255.037978,5404.0,5404,51.231920199501246
2079,53998.037978,53998.037978,54268.037978,53998.037978,54268.037978,1171.7578125,1350,55.55
2071,53872.037978,53872.037978,54283.037978,53872.037978,54283.037978,411.0,411,53.515151515151516
2060,53545.037978,53545.037978,54322.037978,53545.037978,54322.037978,777.0,777,51.625
2057,53483.037978,53483.037978,54327.037978,53483.037978,54327.037978,844.0,844,51.31666666666667
2091,54279.037978,54279.037978,54354.287978,54279.037978,54354.287978,265.98784722222223,301,56.55555555555556
2084,54120.037978,54120.037978,54365.037978,54120.037978,54365.037978,245.0,245,56.608695652173914
2076,53937.037978,53937.037978,54378.037978,53937.037978,54378.037978,441.0,441,55.416666666666664
2089,54246.037978,54246.037978,54384.037978,54246.037978,54384.037978,138.0,138,56.77777777777778
2056,53476.037978,53476.037978,54394.037978,53476.037978,54394.037978,918.0,918,51.76056338028169
1870,48335.037978,48335.037978,54427.037978,48335.037978,54427.037978,6092.0,6092,51.885714285714286
2092,54310.037978,54310.037978,54427.837978,54310.037978,54427.837978,516.6897321428571,589,56.142857142857146
2085,54171.037978,54171.037978,54458.037978,54171.037978,54458.037978,287.0,287,56.06666666666667
2073,53918.037978,53918.037978,54463.037978,53918.037978,54463.037978,545.0,545,54.59183673469388
2062,53576.037978,53576.037978,54490.037978,53576.037978,54490.037978,914.0,914,52.64383561643836
2087,54210.037978,54210.037978,54526.037978,54210.037978,54526.037978,316.0,316,55.67567567567568
2100,54467.037978,54467.037978,54534.371311,54467.037978,54534.371311,173.19921875,202,54.875
2034,52761.037978,52761.037978,54535.037978,52761.037978,54535.037978,1774.0,1774,51.24264705882353
2097,54442.037978,54442.037978,54577.037978,54442.037978,54577.037978,135.0,135,54.55555555555556
2068,53792.037978,53792.037978,54588.037978,53792.037978,54588.037978,796.0,796,53.83098591549296
2041,52937.037978,52937.037978,54601.237978,52937.037978,54601.237978,6706.387354651163,8321,51.58139534883721
2106,54556.037978,54556.037978,54631.037978,54556.037978,54631.037978,260.4910714285714,300,55.57142857142857
2072,53895.037978,53895.037978,54663.037978,53895.037978,54663.037978,768.0,768,54.57971014492754
2075,53935.037978,53935.037978,54681.037978,53935.037978,54681.037978,746.0,746,54.93939393939394
1826,47330.037978,47330.037978,54719.371311,47330.037978,54714.037978,7384.0,7384,51.87565674255692
2102,54520.037978,54520.037978,54743.037978,54520.037978,54743.037978,223.0,223,54.94736842105263
2082,54027.037978,54027.037978,54789.037978,54027.037978,54789.037978,762.0,762,55.13846153846154
2095,54348.037978,54348.037978,54813.037978,54348.037978,54813.037978,465.0,465,54.61904761904762
2111,54777.037978,54777.037978,54830.037978,54777.037978,54830.037978,177.92857142857144,212,53.714285714285715
2083,54110.037978,54110.037978,54983.037978,54110.037978,54983.037978,873.0,873,55.114285714285714
2116,54858.037978,54858.037978,55015.037978,54858.037978,55015.037978,157.0,157,57.22222222222222
1828,47384.037978,47384.037978,55028.704644,47384.037978,54996.037978,7612.0,7612,51.96245733788396
2105,54537.037978,54537.037978,55043.037978,54537.037978,55043.037978,506.0,506,55.18181818181818
2120,54984.037978,54984.037978,55067.037978,54984.037978,55067.037978,83.0,83,58.375
2061,53572.037978,53572.037978,55075.637978,53572.037978,55071.037978,7528.63141025641,8994,53.572649572649574
2109,54639.037978,54639.037978,55092.037978,54639.037978,55092.037978,453.0,453,55.41379310344828
2112,54781.037978,54781.037978,55093.037978,54781.037978,55093.037978,312.0,312,56.130434782608695
1959,50947.037978,50947.037978,55135.037978,50947.037978,55135.037978,4188.0,4188,50.72049689440994
2121,54985.037978,54985.037978,55156.837978,54985.037978,55156.837978,760.8525390625,859,56.6875
2066,53665.037978,53665.037978,55198.037978,53665.037978,55198.037978,1533.0,1533,54.08403361344538
2094,54347.037978,54347.037978,55267.037978,54347.037978,55267.037978,920.0,920,55.44
2098,54443.037978,54443.037978,55277.037978,54443.037978,55277.037978,834.0,834,55.44615384615385
2119,54934.037978,54934.037978,55279.037978,54934.037978,55279.037978,345.0,345,57.17857142857143
2118,54933.037978,54933.037978,55285.037978,54933.037978,55285.037978,352.0,352,57.16129032258065
2096,54361.037978,54361.037978,55285.037978,54361.037978,55285.037978,924.0,924,55.532467532467535
2099,54460.037978,54460.037978,55312.037978,54460.037978,55312.037978,852.0,852,55.65217391304348
1949,50516.037978,50516.037978,55325.037978,50516.037978,55325.037978,4809.0,4809,51.056603773584904
2114,54822.037978,54822.037978,55344.037978,54822.037978,55344.037978,522.0,522,56.627906976744185
1727,44858.037978,44860.037978,55357.671311,44860.037978,54475.037978,9615.0,9615,53.63691194209891
2131,55211.037978,55211.037978,55367.037978,55211.037978,55367.037978,156.0,156,57.333333333333336
2124,55137.037978,55137.037978,55401.037978,55137.037978,55401.037978,264.0,264,56.935483870967744
2113,54783.037978,54783.037978,55427.037978,54783.037978,55427.037978,644.0,644,56.719298245614034
2101,54502.037978,54502.037978,55460.037978,54502.037978,55460.037978,958.0,958,56.146341463414636
2108,54617.037978,54617.037978,55469.037978,54617.037978,55469.037978,852.0,852,56.34285714285714
2127,55153.037978,55153.037978,55472.037978,55153.037978,55472.037978,319.0,319,57.6
2130,55202.037978,55202.037978,55497.037978,55202.037978,55497.037978,295.0,295,57.8235294117647
2110,54771.037978,54771.037978,55512.037978,54771.037978,55512.037978,741.0,741,56.82857142857143
2134,55309.037978,55309.037978,55518.787978,55309.037978,55518.787978,758.9391741071429,839,57.892857142857146
2107,54558.037978,54558.037978,55525.037978,54558.037978,55525.037978,967.0,967,56.64705882352941
2132,55250.037978,55250.037978,55530.037978,55250.037978,55530.037978,280.0,280,58.07692307692308
2145,55472.037978,55472.037978,55593.037978,55472.037978,55593.037978,121.0,121,59.0
1841,47659.037978,47659.037978,55643.504645,47659.037978,55583.037978,7924.0,7924,52.40129449838188
2123,55046.037978,55046.037978,55661.037978,55046.037978,55661.037978,615.0,615,57.63934426229508
2140,55371.037978,55371.037978,55701.037978,55371.037978,55701.037978,330.0,330,58.86666666666667
2142,55405.037978,55405.037978,55720.037978,55405.037978,55720.037978,315.0,315,59.0
2152,55553.037978,55553.037978,55760.037978,55553.037978,55760.037978,207.0,207,59.38461538461539
2115,54857.037978,54857.037978,55811.037978,54857.037978,55811.037978,954.0,954,57.75609756097561
2135,55333.037978,55333.037978,55817.037978,55333.037978,55817.037978,484.0,484,58.577777777777776
1928,49950.037978,49950.037978,55829.037978,49950.037978,55829.037978,5879.0,5879,51.787139689578716
2133,55279.037978,55279.037978,55837.037978,55279.037978,55837.037978,558.0,558,58.339622641509436
2155,55691.037978,55691.037978,55841.037978,55691.037978,55841.037978,150.0,150,59.083333333333336
2128,55176.037978,55176.037978,55859.037978,55176.037978,55859.037978,683.0,683,58.203125
2148,55499.037978,55499.037978,55868.037978,55499.037978,55868.037978,369.0,369,58.55172413793103
2147,55490.037978,55490.037978,55877.037978,55490.037978,55877.037978,387.0,387,58.294117647058826
2125,55138.037978,55138.037978,55902.037978,55138.037978,55902.037978,764.0,764,57.76
1938,50159.037978,50159.037978,55903.037978,50159.037978,55903.037978,5744.0,5744,51.9237668161435
2137,55345.037978,55345.037978,55926.037978,55345.037978,55926.037978,581.0,581,57.86440677966102
2162,55879.037978,55879.037978,55965.537978,55879.037978,55965.537978,151.375,173,56.0
2158,55753.037978,55753.037978,55988.037978,55753.037978,55988.037978,235.0,235,56.541666666666664
2150,55524.037978,55524.037978,56001.037978,55524.037978,56001.037978,477.0,477,57.475
2153,55645.037978,55645.037978,56056.037978,55645.037978,56056.037978,411.0,411,57.054054054054056
2149,55520.037978,55520.037978,56072.037978,55520.037978,56072.037978,552.0,552,57.40425531914894
2141,55398.037978,55398.037978,56072.037978,55398.037978,56072.037978,674.0,674,57.765625
2146,55480.037978,55480.037978,56087.037978,55480.037978,56087.037978,607.0,607,57.56363636363636
2143,55421.037978,55421.037978,56089.037978,55421.037978,56089.037978,668.0,668,57.666666666666664
2139,55368.037978,55368.037978,56100.037978,55368.037978,56100.037978,732.0,732,57.57142857142857
2171,56063.037978,56063.037978,56126.371311,56063.037978,56126.371311,165.87890625,190,55.875
2159,55866.037978,55866.037978,56129.037978,55866.037978,56129.037978,263.0,263,55.733333333333334
2129,55181.037978,55181.037978,56145.037978,55181.037978,56145.037978,964.0,964,57.361702127659576
2157,55738.037978,55738.037978,56199.037978,55738.037978,56199.037978,461.0,461,55.8936170212766
2179,56200.037978,56200.037978,56232.037978,56200.037978,56232.037978,32.0,32,57.75
2168,56026.037978,56026.037978,56265.037978,56026.037978,56265.037978,239.0,239,55.82142857142857
2154,55670.037978,55670.037978,56343.037978,55670.037978,56343.037978,673.0,673,56.90769230769231
2165,55920.037978,55920.037978,56379.037978,55920.037978,56379.037978,459.0,459,57.48888888888889
2183,56252.037978,56252.037978,56413.037978,56252.037978,56413.037978,161.0,161,63.0
2019,52459.037978,52459.037978,56447.037978,52459.037978,56447.037978,3988.0,3988,54.04179104477612
2176,56183.037978,56183.037978,56462.704645,56183.037978,56462.704645,799.671875,839,61.0
2181,56206.037978,56206.037978,56466.037978,56206.037978,56466.037978,260.0,260,62.61904761904762
2164,55913.037978,55913.037978,56489.037978,55913.037978,56489.037978,576.0,576,58.67272727272727
2163,55904.037978,55904.037978,56500.037978,55904.037978,56500.037978,596.0,596,58.68421052631579
2177,56187.037978,56187.037978,56504.704645,56187.037978,56504.704645,922.3162878787879,953,61.93939393939394
2178,56197.037978,56197.037978,56516.037978,56197.037978,56516.037978,319.0,319,62.21212121212121
2161,55876.037978,55876.037978,56534.037978,55876.037978,56534.037978,658.0,658,58.89705882352941
2188,56323.037978,56323.037978,56595.037978,56323.037978,56595.037978,273.59375,272,64.375
2156,55707.037978,55707.037978,56658.037978,55707.037978,56658.037978,951.0,951,59.146067415730336
2200,56611.037978,56611.037978,56683.037978,56611.037978,56683.037978,73.76785714285714,72,65.57142857142857
2198,56526.037978,56526.037978,56691.037978,56526.037978,56691.037978,167.36328125,165,64.91666666666667
2201,56639.037978,56639.037978,56755.037978,56639.037978,56755.037978,119.625,116,66.0
2173,56147.037978,56147.037978,56765.037978,56147.037978,56765.037978,618.0,618,62.22222222222222
2170,56049.037978,56049.037978,56770.037978,56049.037978,56770.037978,721.0,721,61.059701492537314
2197,56503.037978,56503.037978,56777.037978,56503.037978,56777.037978,278.28125,274,65.0
2174,56152.037978,56152.037978,56788.037978,56152.037978,56788.037978,636.0,636,62.54385964912281
2191,56377.037978,56377.037978,56803.037978,56377.037978,56803.037978,431.3969594594594,426,64.8108108108108
2193,56411.037978,56411.037978,56809.037978,56411.037978,56809.037978,401.9730902777777,398,64.63888888888889
2182,56234.037978,56234.037978,56821.037978,56234.037978,56821.037978,587.0,587,63.86538461538461
1975,51179.037978,51179.037978,56840.037978,51179.037978,56840.037978,5661.0,5661,53.86274509803921
2175,56162.037978,56162.037978,56850.037978,56162.037978,56850.037978,688.0,688,62.707692307692305
2205,56702.037978,56702.037978,56854.237978,56702.037978,56854.237978,757.0364583333334,761,63.666666666666664
2189,56350.037978,56350.037978,56861.037978,56350.037978,56861.037978,512.9553571428571,511,64.24489795918367
2211,56847.037978,56847.037978,56969.037978,56847.037978,56969.037978,122.0,122,62.111111111111114
2208,56806.037978,56806.037978,57001.037978,56806.037978,57001.037978,949.2919921875,975,62.3125
2169,56046.037978,56046.037978,57022.037978,56046.037978,57022.037978,976.0,976,61.337078651685395
2187,56310.037978,56310.037978,57080.037978,56310.037978,57080.037978,770.0,770,63.859375
2202,56650.037978,56650.037978,57106.037978,56650.037978,57106.037978,456.0,456,63.63157894736842
2184,56271.037978,56271.037978,57121.037978,56271.037978,57121.037978,850.0,850,63.68115942028985
2185,56273.037978,56273.037978,57133.037978,56273.037978,57133.037978,860.0,860,63.714285714285715
2192,56396.037978,56396.037978,57134.037978,56396.037978,57134.037978,738.0,738,63.774193548387096
1994,51936.037978,51936.037978,57186.037978,51936.037978,57186.037978,5250.0,5250,54.99543378995434
2195,56468.037978,56468.037978,57213.037978,56468.037978,57213.037978,745.0,745,63.45762711864407
2216,57054.037978,57054.037978,57217.037978,57054.037978,57217.037978,163.0,163,62.46666666666667
2220,57121.037978,57121.037978,57230.037978,57121.037978,57230.037978,109.0,109,61.6
2206,56715.037978,56715.037978,57293.037978,56715.037978,57293.037978,578.0,578,62.608695652173914
2222,57212.037978,57212.037978,57304.037978,57212.037978,57304.037978,92.0,92,61.4
2204,56670.037978,56670.037978,57321.037978,56670.037978,57321.037978,651.0,651,62.82692307692308
2209,56811.037978,56811.037978,57341.037978,56811.037978,57341.037978,530.0,530,62.02439024390244
2230,57346.037978,57346.037978,57376.537978,57346.037978,57376.537978,60.76171875,61,63.75
2215,56928.037978,56928.037978,57394.037978,56928.037978,57394.037978,466.0,466,62.25
2199,56543.037978,56543.037978,57407.037978,56543.037978,57407.037978,864.0,864,62.95652173913044
2196,56500.037978,56500.037978,57469.037978,56500.037978,57469.037978,969.0,969,63.02564102564103
2214,56888.037978,56888.037978,57492.037978,56888.037978,57492.037978,604.0,604,62.333333333333336
2203,56653.037978,56653.037978,57522.037978,56653.037978,57522.037978,869.0,869,62.885714285714286
2224,57238.037978,57238.037978,57552.037978,57238.037978,57552.037978,314.0,314,62.375
2219,57070.037978,57070.037978,57584.037978,57070.037978,57584.037978,514.0,514,62.30769230769231
2233,57409.037978,57409.037978,57587.287978,57409.037978,57587.287978,697.403125,713,62.6
2229,57346.037978,57346.037978,57619.037978,57346.037978,57619.037978,273.0,273,62.55
2212,56863.037978,56863.037978,57632.037978,56863.037978,57632.037978,769.0,769,62.14545454545455
2223,57223.037978,57223.037978,57636.037978,57223.037978,57636.037978,413.0,413,62.0
2210,56829.037978,56829.037978,57654.037978,56829.037978,57654.037978,825.0,825,62.078125
1920,49570.037978,49570.037978,57672.037978,49570.037978,57672.037978,8102.0,8102,54.156739811912225
2234,57451.037978,57451.037978,57678.371311,57451.037978,57678.371311,655.8921875,682,61.55
2240,57637.037978,57637.037978,57682.037978,57637.037978,57682.037978,45.0,45,60.0
2126,55140.037978,55140.037978,57710.037978,55140.037978,57710.037978,2570.0,2570,60.04761904761905
2217,57054.037978,57054.037978,57747.037978,57054.037978,57747.037978,693.0,693,61.6551724137931
2238,57612.037978,57612.037978,57789.037978,57612.037978,57789.037978,331.529296875,354,59.9375
2144,55458.037978,55458.037978,57814.037978,55458.037978,57814.037978,2356.0,2356,60.4264705882353
2221,57141.037978,57141.037978,57842.037978,57141.037978,57842.037978,701.0,701,61.03703703703704
2235,57516.037978,57516.037978,57859.037978,57516.037978,57859.037978,343.0,343,59.89655172413793
2236,57551.037978,57551.037978,57930.037978,57551.037978,57930.037978,379.0,379,59.53333333333333
2218,57061.037978,57061.037978,57941.037978,57061.037978,57941.037978,880.0,880,61.01470588235294
2237,57591.037978,57591.037978,57988.037978,57591.037978,57988.037978,397.0,397,59.035714285714285
2246,57844.037978,57844.037978,58036.037978,57844.037978,58036.037978,192.0,192,57.72727272727273
2248,57911.037978,57911.037978,58047.037978,57911.037978,58047.037978,136.0,136,58.18181818181818
2250,58010.037978,58010.037978,58065.871311,58010.037978,58065.871311,308.173828125,335,58.875
1872,48366.037978,48366.037978,58101.304645,48366.037978,57918.037978,9552.0,9552,54.76146788990825
2005,52169.037978,52169.037978,58131.037978,52169.037978,58131.037978,5962.0,5962,56.00608519269777
2228,57339.037978,57339.037978,58214.037978,57339.037978,58214.037978,875.0,875,60.01587301587302
2232,57356.037978,57356.037978,58256.037978,57356.037978,58256.037978,900.0,900,59.88333333333333
2227,57339.037978,57339.037978,58270.037978,57339.037978,58270.037978,931.0,931,60.02985074626866
2251,58020.037978,58020.037978,58289.037978,58020.037978,58289.037978,269.0,269,59.22222222222222
2253,58039.037978,58039.037978,58330.037978,58039.037978,58330.037978,291.0,291,59.714285714285715
2247,57896.037978,57896.037978,58346.037978,57896.037978,58346.037978,450.0,450,59.15625
2086,54192.037978,54192.037978,58347.037978,54192.037978,58347.037978,4155.0,4155,58.85310734463277
2254,58048.037978,58048.037978,58390.037978,58048.037978,58390.037978,342.0,342,59.95652173913044
2258,58175.037978,58175.037978,58406.037978,58175.037978,58406.037978,231.0,231,60.75
2243,57710.037978,57710.037978,58428.037978,57710.037978,58428.037978,718.0,718,59.32
2242,57689.037978,57689.037978,58448.037978,57689.037978,58448.037978,759.0,759,59.339622641509436
2260,58294.037978,58294.037978,58470.037978,58294.037978,58470.037978,176.0,176,61.22222222222222
2257,58157.037978,58157.037978,58510.037978,58157.037978,58510.037978,353.0,353,61.06666666666667
2244,57792.037978,57792.037978,58520.037978,57792.037978,58520.037978,728.0,728,59.763636363636365
1877,48560.037978,48560.037978,58524.504645,48560.037978,58261.037978,9701.0,9701,55.024142312579414
2241,57678.037978,57678.037978,58543.037978,57678.037978,58543.037978,865.0,865,59.72727272727273
2263,58323.037978,58323.037978,58577.037978,58323.037978,58577.037978,254.0,254,61.81481481481482
2266,58391.037978,58391.037978,58599.037978,58391.037978,58599.037978,208.0,208,62.0
2280,58609.037978,58609.037978,58651.037978,58609.037978,58651.037978,42.87499999999999,42,65.33333333333333
2274,58530.037978,58530.037978,58664.037978,58530.037978,58664.037978,134.0,134,63.07692307692308
2245,57820.037978,57820.037978,58709.037978,57820.037978,58709.037978,889.0,889,60.68571428571428
2249,58009.037978,58009.037978,58713.037978,58009.037978,58713.037978,704.0,704,61.193548387096776
2273,58498.037978,58498.037978,58719.037978,58498.037978,58719.037978,221.0,221,63.45454545454545
2088,54240.037978,54240.037978,58729.037978,54240.037978,58729.037978,4489.0,4489,59.2279792746114
2026,52634.037978,52634.037978,58766.037978,52634.037978,58766.037978,6132.0,6132,56.9980198019802
2267,58400.037978,58400.037978,58806.037978,58400.037978,58806.037978,406.0,406,62.89473684210526
2286,58768.037978,58768.037978,58810.037978,58768.037978,58810.037978,42.0,42,63.75
2252,58037.037978,58037.037978,58838.037978,58037.037978,58838.037978,801.0,801,61.69117647058823
2287,58807.037978,58807.037978,58855.371311,58807.037978,58855.371311,143.18750000000003,145,63.2
2074,53919.037978,53919.037978,58862.037978,53919.037978,58862.037978,4943.0,4943,59.02870813397129
2282,58682.037978,58682.037978,58891.037978,58682.037978,58891.037978,209.0,209,63.25
2261,58310.037978,58310.037978,58914.037978,58310.037978,58914.037978,604.0,604,62.48275862068966
2285,58768.037978,58768.037978,58917.037978,58768.037978,58917.037978,149.0,149,62.53333333333333
2093,54341.037978,54341.037978,58957.037978,54341.037978,58957.037978,4616.0,4616,59.45177664974619
2268,58402.037978,58402.037978,58972.037978,58402.037978,58972.037978,570.0,570,62.71153846153846
2288,58846.037978,58846.037978,58980.871311,58846.037978,58980.871311,780.3479166666667,809,61.733333333333334
2213,56882.037978,56882.037978,59003.037978,56882.037978,59003.037978,2121.0,2121,61.2969696969697
2269,58418.037978,58418.037978,59010.037978,58418.037978,59010.037978,592.0,592,62.54545454545455
2264,58326.037978,58326.037978,59013.037978,58326.037978,59013.037978,687.0,687,62.333333333333336
2291,58914.037978,58914.037978,59050.037978,58914.037978,59050.037978,136.0,136,60.57142857142857
1985,51565.037978,51565.037978,59177.037978,51565.037978,59177.037978,7612.0,7612,56.17391304347826
2281,58642.037978,58642.037978,59185.037978,58642.037978,59185.037978,543.0,543,62.34782608695652
2270,58487.037978,58487.037978,59192.037978,58487.037978,59192.037978,705.0,705,62.328125
2298,59062.037978,59062.037978,59202.037978,59062.037978,59202.037978,140.0,140,63.083333333333336
2277,58591.037978,58591.037978,59204.037978,58591.037978,59204.037978,613.0,613,62.50877192982456
2259,58239.037978,58239.037978,59215.037978,58239.037978,59215.037978,976.0,976,62.07608695652174
2271,58487.037978,58487.037978,59225.037978,58487.037978,59225.037978,738.0,738,62.457142857142856
2272,58490.037978,58490.037978,59238.037978,58490.037978,59238.037978,748.0,748,62.47945205479452
2122,54985.037978,54985.037978,59242.037978,54985.037978,59242.037978,4257.0,4257,60.331536388140165
2239,57620.037978,57620.037978,59262.037978,57620.037978,59262.037978,1642.0,1642,61.107142857142854
2265,58378.037978,58378.037978,59301.037978,58378.037978,59301.037978,923.0,923,62.30337078651685
2302,59154.037978,59154.037978,59304.287978,59154.037978,59304.287978,590.7150297619047,601,62.904761904761905
1961,50968.037978,50968.037978,59352.037978,50968.037978,59352.037978,8384.0,8384,55.93168604651163
2278,58605.037978,58605.037978,59374.037978,58605.037978,59374.037978,769.0,769,62.4
2275,58555.037978,58555.037978,59414.037978,58555.037978,59414.037978,859.0,859,62.33766233766234
2307,59225.037978,59225.037978,59448.037978,59225.037978,59448.037978,223.0,223,61.6875
2312,59408.037978,59408.037978,59475.287978,59408.037978,59475.287978,255.79017857142856,269,60.857142857142854
2294,58980.037978,58980.037978,59494.037978,58980.037978,59494.037978,514.0,514,61.723404255319146
2284,58756.037978,58756.037978,59494.037978,58756.037978,59494.037978,738.0,738,61.869565217391305
2305,59199.037978,59199.037978,59507.704645,59199.037978,59507.704645,896.0979166666667,926,61.93333333333333
2315,59467.037978,59467.037978,59509.037978,59467.037978,59509.037978,42.0,42,61.55555555555556
2279,58605.037978,58605.037978,59526.037978,58605.037978,59526.037978,921.0,921,62.154761904761905
2309,59276.037978,59276.037978,59561.037978,59276.037978,59561.037978,285.0,285,61.041666666666664
2316,59485.037978,59485.037978,59612.537978,59485.037978,59612.537978,484.2548076923077,510,60.76923076923077
2301,59124.037978,59124.037978,59672.037978,59124.037978,59672.037978,548.0,548,61.78260869565217
1940,50228.037978,50228.037978,59714.037978,50228.037978,59714.037978,9486.0,9486,55.763540290620874
2290,58889.037978,58889.037978,59719.037978,58889.037978,59719.037978,830.0,830,61.371428571428574
2314,59449.037978,59449.037978,59754.037978,59449.037978,59754.037978,305.0,305,60.36363636363637
2313,59417.037978,59417.037978,59763.037978,59417.037978,59763.037978,346.0,346,60.28
2299,59076.037978,59076.037978,59844.037978,59076.037978,59844.037978,768.0,768,61.241379310344826
2293,58974.037978,58974.037978,59907.037978,58974.037978,59907.037978,933.0,933,60.985915492957744
2136,55343.037978,55343.037978,59916.037978,55343.037978,59916.037978,4573.0,4573,60.596858638743456
2292,58934.037978,58934.037978,59927.037978,58934.037978,59927.037978,993.0,993,60.93421052631579
2310,59303.037978,59303.037978,59952.037978,59303.037978,59952.037978,649.0,649,60.0
2006,52172.037978,52172.037978,59952.037978,52172.037978,59952.037978,7780.0,7780,57.274844720496894
2306,59225.037978,59225.037978,60038.037978,59225.037978,60038.037978,813.0,813,60.3448275862069
2297,59054.037978,59054.037978,60043.037978,59054.037978,60043.037978,989.0,989,60.86666666666667
2325,59821.037978,59821.037978,60050.037978,59821.037978,60050.037978,229.0,229,59.65
2300,59113.037978,59113.037978,60052.037978,59113.037978,60052.037978,939.0,939,60.88
2326,59823.037978,59823.037978,60078.704645,59823.037978,60078.704645,715.7940340909091,767,59.72727272727273
2331,59942.037978,59942.037978,60099.037978,59942.037978,60099.037978,157.0,157,60.266666666666666
2332,60028.037978,60028.037978,60105.037978,60028.037978,60105.037978,77.0,77,60.15384615384615
2080,54017.037978,54017.037978,60116.037978,54017.037978,60116.037978,6099.0,6099,59.501953125
2334,60037.037978,60037.037978,60144.371311,60037.037978,60144.371311,300.6911764705883,322,59.76470588235294
2330,59942.037978,59942.037978,60227.037978,59942.037978,60227.037978,285.0,285,60.17857142857143
2321,59605.037978,59605.037978,60245.037978,59605.037978,60245.037978,640.0,640,59.729166666666664
2336,60075.037978,60075.037978,60252.237978,60075.037978,60252.237978,835.2395833333334,886,60.333333333333336
2324,59783.037978,59783.037978,60253.037978,59783.037978,60253.037978,470.0,470,59.90243902439025
2339,60126.037978,60126.037978,60278.437978,60126.037978,60278.437978,728.1129807692308,762,61.15384615384615
2317,59488.037978,59488.037978,60330.037978,59488.037978,60330.037978,842.0,842,59.953125
2117,54890.037978,54890.037978,60337.037978,54890.037978,60337.037978,5447.0,5447,60.25764192139738
1962,50979.037978,50979.037978,60353.037978,50979.037978,60353.037978,9374.0,9374,56.35742444152431
2329,59928.037978,59928.037978,60357.037978,59928.037978,60357.037978,429.0,429,60.15384615384615
2151,55536.037978,55536.037978,60442.037978,55536.037978,60442.037978,4906.0,4906,60.678391959798994
2320,59602.037978,59602.037978,60446.037978,59602.037978,60446.037978,844.0,844,59.645161290322584
2190,56361.037978,56504.704645,60457.676867,56462.704645,59632.149089,9124.202315167684,9505,61.4359756097561
2344,60172.037978,60172.037978,60465.037978,60172.037978,60465.037978,293.0,293,59.89473684210526
2322,59672.037978,59672.037978,60475.037978,59672.037978,60475.037978,803.0,803,59.442622950819676
2319,59549.037978,59549.037978,60475.037978,59549.037978,60475.037978,926.0,926,59.39705882352941
2323,59726.037978,59726.037978,60489.037978,59726.037978,60489.037978,763.0,763,59.25
2338,60121.037978,60121.037978,60530.037978,60121.037978,60530.037978,409.0,409,58.59375
2349,60386.037978,60386.037978,60566.371311,60386.037978,60566.371311,466.12946428571433,541,55.142857142857146
2345,60217.037978,60217.037978,60702.037978,60217.037978,60702.037978,485.0,485,57.46875
2327,59902.037978,59902.037978,60707.037978,59902.037978,60707.037978,805.0,805,58.52307692307692
2335,60047.037978,60047.037978,60748.037978,60047.037978,60748.037978,701.0,701,58.15686274509804
2351,60507.037978,60507.037978,60767.037978,60507.037978,60767.037978,260.0,260,55.5625
2350,60494.037978,60494.037978,60773.037978,60494.037978,60773.037978,279.0,279,55.44444444444444
2346,60302.037978,60302.037978,60792.037978,60302.037978,60792.037978,490.0,490,56.411764705882355
2359,60757.037978,60757.037978,60864.037978,60757.037978,60864.037978,107.0,107,56.77777777777778
2357,60701.037978,60701.037978,60905.037978,60701.037978,60905.037978,204.0,204,56.8125
2341,60140.037978,60140.037978,60921.037978,60140.037978,60921.037978,781.0,781,57.56603773584906
2337,60085.037978,60085.037978,60966.037978,60085.037978,60966.037978,881.0,881,57.67741935483871
2364,60898.037978,60898.037978,60973.704645,60898.037978,60973.704645,204.1986607142857,227,57.57142857142857
2365,60907.037978,60907.037978,60988.037978,60907.037978,60988.037978,81.0,81,57.285714285714285
2347,60323.037978,60323.037978,60992.037978,60323.037978,60992.037978,669.0,669,56.520833333333336
2226,57277.037978,57277.037978,61070.037978,57277.037978,61070.037978,3793.0,3793,60.17391304347826
2368,60991.037978,60991.037978,61073.037978,60991.037978,61073.037978,82.0,82,58.8
2373,61033.037978,61033.037978,61127.037978,61033.037978,61127.037978,94.0,94,61.375
2367,60976.037978,60976.037978,61139.037978,60976.037978,61139.037978,163.0,163,59.55555555555556
2376,61083.037978,61083.037978,61142.287978,61083.037978,61142.287978,230.82812500000003,237,62.333333333333336
2363,60854.037978,60854.037978,61146.037978,60854.037978,61146.037978,292.0,292,59.13333333333333
2366,60958.037978,60958.037978,61146.371311,60958.037978,61146.371311,526.15625,565,59.6
2361,60815.037978,60815.037978,61182.037978,60815.037978,61182.037978,367.0,367,59.05714285714286
2377,61120.037978,61120.037978,61263.037978,61120.037978,61263.037978,143.0,143,61.714285714285715
2362,60846.037978,60846.037978,61274.037978,60846.037978,61274.037978,428.0,428,59.48717948717949
1989,51788.037978,51788.037978,61297.287978,51788.037978,61291.037978,9503.0,9503,57.08774193548387
2378,61133.037978,61133.037978,61309.037978,61133.037978,61309.037978,176.0,176,61.705882352941174
2059,53521.037978,53521.037978,61310.287978,53521.037978,61291.037978,7770.0,7770,58.79029733959312
2372,61029.037978,61029.037978,61340.704645,61029.037978,61340.704645,896.7133620689655,935,61.37931034482759
2011,52306.037978,52306.037978,61373.287978,52306.037978,61335.037978,9029.0,9029,57.56375838926174
2295,59030.037978,59030.037978,61374.037978,59030.037978,61374.037978,2344.0,2344,59.61413043478261
2360,60763.037978,60763.037978,61387.037978,60763.037978,61387.037978,624.0,624,59.44444444444444
2387,61389.037978,61389.037978,61405.704645,61389.037978,61405.704645,45.3125,50,58.0
2371,61029.037978,61029.037978,61432.037978,61029.037978,61432.037978,403.0,403,60.75
2353,60553.037978,60553.037978,61463.037978,60553.037978,61463.037978,910.0,910,58.67605633802817
2352,60547.037978,60547.037978,61468.037978,60547.037978,61468.037978,921.0,921,58.567567567567565
2308,59236.037978,59236.037978,61551.037978,59236.037978,61551.037978,2315.0,2315,59.186440677966104
2390,61466.037978,61466.037978,61564.287978,61466.037978,61564.287978,362.9791666666667,393,59.111111111111114
2090,54267.037978,54267.037978,61601.287978,54267.037978,61553.037978,7286.0,7286,59.44918032786885
2356,60667.037978,60667.037978,61618.037978,60667.037978,61618.037978,951.0,951,58.9873417721519
2355,60636.037978,60636.037978,61626.037978,60636.037978,61626.037978,990.0,990,58.975903614457835
2389,61454.037978,61454.037978,61643.037978,61454.037978,61643.037978,189.0,189,59.421052631578945
2388,61434.037978,61434.037978,61667.037978,61434.037978,61667.037978,233.0,233,59.36363636363637
2396,61591.037978,61591.037978,61671.037978,61591.037978,61671.037978,80.0,80,60.416666666666664
2370,61021.037978,61021.037978,61689.037978,61021.037978,61689.037978,668.0,668,60.16129032258065
2386,61317.037978,61317.037978,61742.037978,61317.037978,61742.037978,425.0,425,59.31428571428572
2374,61060.037978,61060.037978,61756.037978,61060.037978,61756.037978,696.0,696,60.225806451612904
2381,61225.037978,61225.037978,61780.037978,61225.037978,61780.037978,555.0,555,59.816326530612244
2391,61470.037978,61470.037978,61813.037978,61470.037978,61813.037978,343.0,343,59.892857142857146
2404,61765.037978,61765.037978,61835.537978,61765.037978,61835.537978,393.91875,423,59.6
2333,60028.037978,60028.037978,61868.037978,60028.037978,61868.037978,1840.0,1840,58.93333333333333
2400,61662.037978,61662.037978,61906.037978,61662.037978,61906.037978,244.0,244,59.55555555555556
2354,60583.037978,60583.037978,61911.204645,60583.037978,61911.204645,7351.1653273809525,7969,59.03809523809524
2379,61144.037978,61144.037978,61953.037978,61144.037978,61953.037978,809.0,809,59.69230769230769
2375,61079.037978,61079.037978,61953.037978,61079.037978,61953.037978,874.0,874,59.87671232876713
2369,61021.037978,61021.037978,62010.037978,61021.037978,62010.037978,989.0,989,59.75
2398,61625.037978,61625.037978,62012.037978,61625.037978,62012.037978,387.0,387,59.225806451612904
2408,61939.037978,61939.037978,62016.037978,61939.037978,62016.037978,77.0,77,58.0
2380,61168.037978,61168.037978,62033.037978,61168.037978,62033.037978,865.0,865,59.405797101449274
2382,61246.037978,61246.037978,62088.037978,61246.037978,62088.037978,842.0,842,59.208333333333336
2383,61254.037978,61254.037978,62099.037978,61254.037978,62099.037978,845.0,845,59.18055555555556
2342,60149.037978,60149.037978,62115.037978,60149.037978,62115.037978,1966.0,1966,58.68627450980392
2000,52054.037978,52054.037978,62131.037978,52054.037978,62014.037978,9960.0,9960,57.50121065375303
2395,61553.037978,61553.037978,62142.037978,61553.037978,62142.037978,589.0,589,58.88
2399,61638.037978,61638.037978,62168.037978,61638.037978,62168.037978,530.0,530,58.52272727272727
2403,61746.037978,61746.037978,62206.037978,61746.037978,62206.037978,460.0,460,58.0
2385,61285.037978,61285.037978,62220.037978,61285.037978,62220.037978,935.0,935,58.76923076923077
2407,61902.037978,61902.037978,62223.037978,61902.037978,62223.037978,321.0,321,57.53125
2393,61502.037978,61502.037978,62243.037978,61502.037978,62243.037978,741.0,741,58.61290322580645
2049,53103.037978,53103.037978,62250.037978,53103.037978,62058.037978,8955.0,8955,58.353970390309556
2304,59194.037978,59194.037978,62260.037978,59194.037978,62260.037978,3066.0,3066,59.097165991902834
2231,57346.037978,57346.037978,62260.037978,57346.037978,62260.037978,4914.0,4914,59.83756345177665
2419,62177.037978,62177.037978,62272.037978,62177.037978,62272.037978,95.0,95,55.57142857142857
2160,55869.037978,55869.037978,62280.037978,55869.037978,62280.037978,6411.0,6411,60.026365348399246
2406,61845.037978,61845.037978,62281.037978,61845.037978,62281.037978,436.0,436,56.84090909090909
2418,62160.037978,62160.037978,62329.037978,62160.037978,62329.037978,169.0,169,55.15
2413,62050.037978,62050.037978,62334.037978,62050.037978,62334.037978,284.0,284,55.935483870967744
2138,55356.037978,55356.037978,62347.037978,55356.037978,62347.037978,6991.0,6991,59.83018867924528
2402,61721.037978,61721.037978,62446.037978,61721.037978,62446.037978,725.0,725,56.61666666666667
2414,62063.037978,62063.037978,62447.037978,62063.037978,62447.037978,384.0,384,55.22857142857143
2421,62220.037978,62220.037978,62461.037978,62220.037978,62461.037978,241.0,241,53.130434782608695
2422,62251.037978,62251.037978,62487.037978,62251.037978,62487.037978,579.9910714285714,708,52.42857142857143
2394,61537.037978,61537.037978,62521.037978,61537.037978,62521.037978,984.0,984,56.7816091954023
2420,62194.037978,62194.037978,62532.037978,62194.037978,62532.037978,338.0,338,53.333333333333336
2428,62451.037978,62451.037978,62535.037978,62451.037978,62535.037978,84.0,84,52.0
2410,61954.037978,61954.037978,62578.037978,61954.037978,62578.037978,624.0,624,54.666666666666664
2416,62086.037978,62086.037978,62603.037978,62086.037978,62603.037978,517.0,517,54.08163265306123
2425,62324.037978,62324.037978,62641.537978,62324.037978,62641.537978,515.9375,635,52.0
2405,61797.037978,61797.037978,62652.037978,61797.037978,62652.037978,855.0,855,55.11842105263158
2433,62508.037978,62508.037978,62684.287978,62508.037978,62684.287978,583.1396484375,705,52.9375
2431,62502.037978,62502.037978,62691.037978,62502.037978,62691.037978,189.0,189,52.78947368421053
2409,61943.037978,61943.037978,62722.037978,61943.037978,62722.037978,779.0,779,54.563380281690144
2415,62070.037978,62070.037978,62749.037978,62070.037978,62749.037978,679.0,679,53.91803278688525
2070,53870.037978,53870.037978,62803.037978,53870.037978,62484.037978,8614.0,8614,58.67071524966262
2443,62817.037978,62817.037978,62831.237978,62817.037978,62831.237978,58.05729166666667,71,52.333333333333336
2103,54521.037978,54521.037978,62872.037978,54521.037978,62823.037978,8302.0,8302,58.99566473988439
2437,62618.037978,62618.037978,62889.037978,62618.037978,62889.037978,271.0,271,53.130434782608695
2445,62848.037978,62848.037978,62910.637978,62848.037978,62910.637978,267.150390625,313,54.625
2441,62739.037978,62739.037978,62921.037978,62739.037978,62921.037978,182.0,182,53.3125
2424,62265.037978,62265.037978,62941.037978,62265.037978,62941.037978,676.0,676,52.666666666666664
2438,62636.037978,62636.037978,62946.037978,62636.037978,62946.037978,310.0,310,53.22222222222222
2081,54024.037978,54086.037978,62976.704644,54073.037978,62577.037978,8504.0,8504,58.732166890982505
2448,62866.037978,62866.037978,62988.037978,62866.037978,62988.037978,122.0,122,53.75
2256,58148.037978,58148.037978,63012.037978,58148.037978,63012.037978,4864.0,4864,58.6865671641791
2430,62484.037978,62484.037978,63055.037978,62484.037978,63055.037978,571.0,571,52.729166666666664
2449,62878.037978,62878.037978,63070.287978,62878.037978,63070.287978,634.5751953125,769,52.8125
2455,63128.037978,63128.037978,63189.037978,63128.037978,63189.037978,61.0,61,53.2
2050,53121.037978,53121.037978,63209.171311,53121.037978,62638.037978,9517.0,9517,57.836185819070906
2166,55921.037978,55921.037978,63230.037978,55921.037978,63230.037978,7309.0,7309,59.21079258010118
2262,58322.037978,58322.037978,63278.037978,58322.037978,63278.037978,4956.0,4956,58.48275862068966
2439,62644.037978,62644.037978,63284.037978,62644.037978,63284.037978,640.0,640,53.08695652173913
2427,62417.037978,62417.037978,63292.037978,62417.037978,63292.037978,875.0,875,52.7536231884058
2436,62580.037978,62580.037978,63293.037978,62580.037978,63293.037978,713.0,713,53.0377358490566
2392,61481.037978,61481.037978,63325.037978,61481.037978,63325.037978,1844.0,1844,55.263513513513516
2432,62504.037978,62504.037978,63379.037978,62504.037978,63379.037978,875.0,875,52.888888888888886
2459,63190.037978,63190.037978,63383.037978,63190.037978,63383.037978,193.0,193,53.083333333333336
2318,59508.037978,59508.037978,63401.037978,59508.037978,63401.037978,3893.0,3893,56.94039735099338
2440,62684.037978,62684.037978,63470.037978,62684.037978,63470.037978,786.0,786,52.528301886792455
2435,62576.037978,62576.037978,63496.037978,62576.037978,63496.037978,920.0,920,52.453125
2104,54524.037978,54534.371311,63511.171311,54534.371311,63373.371311,8839.0,8839,58.61065573770492
2458,63178.037978,63178.037978,63520.037978,63178.037978,63520.037978,342.0,342,51.391304347826086
2451,62982.037978,62982.037978,63536.037978,62982.037978,63536.037978,554.0,554,51.30555555555556
2446,62860.037978,62860.037978,63569.037978,62860.037978,63569.037978,709.0,709,51.87755102040816
2454,63055.037978,63055.037978,63613.037978,63055.037978,63613.037978,558.0,558,50.90625
2397,61618.037978,61618.037978,63706.037978,61618.037978,63706.037978,2088.0,2088,54.04375
2167,55975.037978,55975.037978,63731.037978,55975.037978,63638.037978,7663.0,7663,58.763754045307444
2453,63007.037978,63007.037978,63745.037978,63007.037978,63745.037978,738.0,738,50.41860465116279
2465,63503.037978,63503.037978,63753.037978,63503.037978,63753.037978,250.0,250,47.6875
2472,63762.037978,63762.037978,63790.037978,63762.037978,63790.037978,82.83333333333333,112,47.333333333333336
2255,58147.037978,58147.037978,63795.037978,58147.037978,63795.037978,5648.0,5648,57.786191536748326
2471,63705.037978,63705.037978,63798.037978,63705.037978,63798.037978,93.0,93,47.8
2470,63676.037978,63676.037978,63808.037978,63676.037978,63808.037978,392.5625,528,47.583333333333336
2447,62866.037978,62866.037978,63824.037978,62866.037978,63824.037978,958.0,958,50.484848484848484
2450,62942.037978,62942.037978,63825.037978,62942.037978,63825.037978,883.0,883,49.79661016949152
2473,63786.037978,63786.037978,63827.371311,63786.037978,63827.371311,88.2638888888889,124,45.55555555555556
2461,63233.037978,63233.037978,63834.037978,63233.037978,63834.037978,601.0,601,48.02439024390244
2468,63622.037978,63622.037978,63849.037978,63622.037978,63849.037978,227.0,227,46.15
2207,56782.037978,56782.037978,63899.037978,56782.037978,63872.037978,7090.0,7090,58.07473309608541
2476,63895.037978,63895.037978,63954.037978,63895.037978,63954.037978,192.44140625,295,41.75
2452,63001.037978,63001.037978,63982.037978,63001.037978,63982.037978,981.0,981,48.328125
2457,63161.037978,63161.037978,63992.037978,63161.037978,63992.037978,831.0,831,47.719298245614034
2456,63158.037978,63158.037978,63993.037978,63158.037978,63993.037978,835.0,835,47.66101694915254
2464,63470.037978,63470.037978,64016.037978,63470.037978,64016.037978,546.0,546,44.883720930232556
2463,63417.037978,63417.037978,64021.037978,63417.037978,64021.037978,604.0,604,44.8936170212766
2474,63820.037978,63820.037978,64064.037978,63820.037978,64064.037978,244.0,244,41.708333333333336
2485,64068.037978,64068.037978,64149.037978,64068.037978,64149.037978,81.0,81,43.75
2481,64012.037978,64012.037978,64180.037978,64012.037978,64180.037978,168.0,168,42.76923076923077
2172,56094.037978,56094.037978,64214.237978,56094.037978,63961.037978,7867.0,7867,57.85891472868217
2467,63622.037978,63622.037978,64240.037978,63622.037978,64240.037978,618.0,618,43.83673469387755
2434,62553.037978,62553.037978,64253.037978,62553.037978,64253.037978,1700.0,1700,48.622950819672134
2462,63385.037978,63385.037978,64257.037978,63385.037978,64257.037978,872.0,872,44.671875
2486,64117.037978,64117.037978,64265.037978,64117.037978,64265.037978,148.0,148,43.916666666666664
2466,63523.037978,63523.037978,64272.037978,63523.037978,64272.037978,749.0,749,43.96491228070175
2489,64223.037978,64223.037978,64282.037978,64223.037978,64282.037978,59.0,59,42.875
2482,64018.037978,64018.037978,64481.037978,64018.037978,64481.037978,463.0,463,43.13333333333333
2225,57247.037978,57247.037978,64488.371311,57247.037978,64479.037978,7232.0,7232,56.67610619469026
2495,64390.037978,64390.037978,64514.037978,64390.037978,64514.037978,124.0,124,46.2
2478,63974.037978,63974.037978,64516.037978,63974.037978,64516.037978,542.0,542,43.13953488372093
2469,63641.037978,63641.037978,64562.037978,63641.037978,64562.037978,921.0,921,43.91304347826087
2480,64011.037978,64011.037978,64617.037978,64011.037978,64617.037978,606.0,606,43.76190476190476
2502,64524.037978,64524.037978,64617.371311,64524.037978,64617.371311,203.875,280,46.6
2490,64226.037978,64226.037978,64674.537978,64226.037978,64674.537978,624.9035560344827,897,44.58620689655172
2426,62394.037978,62394.037978,64693.537978,62394.037978,64693.537978,6932.6770198170725,9198,48.23780487804878
2496,64409.037978,64409.037978,64728.037978,64409.037978,64728.037978,689.9799107142858,957,46.142857142857146
2501,64509.037978,64509.037978,64763.037978,64509.037978,64763.037978,254.0,254,46.11764705882353
2186,56305.037978,56305.037978,64814.237978,56305.037978,64518.037978,8213.0,8213,57.140060240963855
2505,64701.037978,64701.037978,64828.037978,64701.037978,64828.037978,127.0,127,46.583333333333336
2492,64326.037978,64326.037978,64830.037978,64326.037978,64830.037978,504.0,504,45.885714285714286
2497,64409.037978,64409.037978,64837.037978,64409.037978,64837.037978,428.0,428,46.54838709677419
2498,64466.037978,64466.037978,64900.037978,64466.037978,64900.037978,434.0,434,46.58064516129032
2078,53998.037978,53998.037978,64942.837978,53998.037978,63916.037978,9918.0,9918,56.83295454545455
2493,64338.037978,64338.037978,64949.037978,64338.037978,64949.037978,611.0,611,46.19047619047619
2516,64948.037978,64948.037978,64978.037978,64948.037978,64978.037978,30.0,30,47.75
2507,64735.037978,64735.037978,64984.037978,64735.037978,64984.037978,249.0,249,47.09090909090909
2500,64501.037978,64501.037978,65026.037978,64501.037978,65026.037978,525.0,525,46.95238095238095
2483,64051.037978,64051.037978,65032.037978,64051.037978,65032.037978,981.0,981,45.541666666666664
2289,58887.037978,58914.037978,65040.871311,58891.037978,64961.037978,6070.0,6070,54.61538461538461
2487,64130.037978,64130.037978,65042.037978,64130.037978,65042.037978,912.0,912,45.869565217391305
2504,64652.037978,64652.037978,65055.037978,64652.037978,65055.037978,403.0,403,47.189189189189186
2511,64822.037978,64822.037978,65084.037978,64822.037978,65084.037978,262.0,262,47.74074074074074
2488,64162.037978,64162.037978,65143.037978,64162.037978,65143.037978,981.0,981,45.958333333333336
2522,65005.037978,65005.037978,65151.371311,65005.037978,65151.371311,658.5,878,48.0
2506,64701.037978,64701.037978,65179.037978,64701.037978,65179.037978,478.0,478,47.21951219512195
2514,64926.037978,64926.037978,65225.037978,64926.037978,65225.037978,299.0,299,47.48148148148148
2491,64302.037978,64302.037978,65228.037978,64302.037978,65228.037978,926.0,926,46.40298507462686
2510,64793.037978,64793.037978,65298.037978,64793.037978,65298.037978,505.0,505,47.26315789473684
2519,64984.037978,64984.037978,65328.037978,64984.037978,65328.037978,344.0,344,46.90909090909091
2503,64591.037978,64591.037978,65397.037978,64591.037978,65397.037978,806.0,806,46.589285714285715
2520,64990.037978,64990.037978,65478.037978,64990.037978,65478.037978,488.0,488,46.392857142857146
2526,65165.037978,65165.037978,65484.037978,65165.037978,65484.037978,319.0,319,45.1875
2509,64773.037978,64773.037978,65531.037978,64773.037978,65531.037978,758.0,758,46.71153846153846
2180,56200.037978,56200.037978,65531.071311,56200.037978,64594.037978,8394.0,8394,56.43213296398892
2535,65533.037978,65533.037978,65647.704645,65533.037978,65647.704645,253.70000000000002,344,47.2
2529,65380.037978,65380.037978,65670.037978,65380.037978,65670.037978,290.0,290,46.294117647058826
2527,65308.037978,65308.037978,65671.037978,65308.037978,65671.037978,363.0,363,45.904761904761905
2508,64739.037978,64739.037978,65688.037978,64739.037978,65688.037978,949.0,949,46.753846153846155
2515,64931.037978,64931.037978,65773.037978,64931.037978,65773.037978,842.0,842,46.74074074074074
2484,64056.037978,64056.037978,65828.037978,64056.037978,65828.037978,1772.0,1772,45.91304347826087
2528,65355.037978,65355.037978,65876.037978,65355.037978,65876.037978,521.0,521,47.0
2539,65674.037978,65674.037978,65895.037978,65674.037978,65895.037978,221.0,221,48.53846153846154
2542,65783.037978,65783.037978,65930.037978,65783.037978,65930.037978,147.0,147,49.4
2523,65063.037978,65063.037978,66012.037978,65063.037978,66012.037978,949.0,949,46.87755102040816
2532,65462.037978,65462.037978,66047.037978,65462.037978,66047.037978,585.0,585,47.90625
2544,65808.037978,65808.037978,66074.037978,65808.037978,66074.037978,266.0,266,49.57142857142857
2540,65678.037978,65678.037978,66106.037978,65678.037978,66106.037978,428.0,428,49.0
2538,65624.037978,65624.037978,66107.037978,65624.037978,66107.037978,483.0,483,48.75
2541,65727.037978,65727.037978,66141.037978,65727.037978,66141.037978,414.0,414,49.09090909090909
2311,59319.037978,59319.037978,66159.371311,59319.037978,66049.037978,6730.0,6730,53.06012024048096
2417,62125.037978,62125.037978,66199.037978,62125.037978,66199.037978,4074.0,4074,48.51056338028169
2530,65453.037978,65453.037978,66200.037978,65453.037978,66200.037978,747.0,747,47.91304347826087
2547,65929.037978,65929.037978,66227.704645,65929.037978,66227.704645,681.3333333333333,896,48.666666666666664
2534,65510.037978,65510.037978,66247.037978,65510.037978,66247.037978,2212.046875,2948,48.02272727272727
2531,65456.037978,65456.037978,66249.037978,65456.037978,66249.037978,793.0,793,47.8
2536,65582.037978,65582.037978,66252.037978,65582.037978,66252.037978,670.0,670,48.095238095238095
2276,58570.037978,58570.037978,66309.821311,58570.037978,65702.037978,7132.0,7132,54.04802744425386
2545,65840.037978,65840.037978,66314.037978,65840.037978,66314.037978,474.0,474,47.94117647058823
2543,65789.037978,65789.037978,66317.037978,65789.037978,66317.037978,528.0,528,48.0
2549,66047.037978,66047.037978,66321.037978,66047.037978,66321.037978,274.0,274,47.25925925925926
2533,65482.037978,65482.037978,66350.037978,65482.037978,66350.037978,868.0,868,47.557377049180324
2560,66310.037978,66310.037978,66372.037978,66310.037978,66372.037978,62.0,62,46.888888888888886
2557,66281.037978,66281.037978,66441.037978,66281.037978,66441.037978,160.0,160,46.8125
2553,66159.037978,66159.037978,66449.037978,66159.037978,66449.037978,290.0,290,46.67857142857143
2562,66335.037978,66335.037978,66466.037978,66335.037978,66466.037978,384.8125,524,47.0
2555,66246.037978,66246.037978,66484.037978,66246.037978,66484.037978,518.0962499999999,714,46.44
2563,66336.037978,66336.037978,66546.037978,66336.037978,66546.037978,210.0,210,46.61538461538461
2559,66309.037978,66309.037978,66582.037978,66309.037978,66582.037978,273.0,273,46.63636363636363
2194,56468.037978,56500.037978,66690.604645,56489.037978,65294.037978,8805.0,8805,55.43896103896104
2564,66424.037978,66424.037978,66716.037978,66424.037978,66716.037978,292.0,292,46.142857142857146
2569,66673.037978,66673.037978,66806.787978,66673.037978,66806.787978,386.3888888888889,535,46.22222222222222
2552,66144.037978,66144.037978,66807.037978,66144.037978,66807.037978,663.0,663,46.47826086956522
2550,66068.037978,66068.037978,66833.037978,66068.037978,66833.037978,765.0,765,46.79245283018868
2548,65970.037978,65970.037978,66861.037978,65970.037978,66861.037978,891.0,891,46.93103448275862
2303,59192.037978,59304.287978,66898.321312,59204.037978,66504.037978,7300.0,7300,52.77482269503546
2567,66522.037978,66522.037978,66968.037978,66522.037978,66968.037978,446.0,446,46.8
2525,65160.037978,65160.037978,67029.037978,65160.037978,67029.037978,1869.0,1869,47.044642857142854
2556,66265.037978,66265.037978,67033.037978,66265.037978,67033.037978,768.0,768,47.0
2429,62452.037978,62452.037978,67047.037978,62452.037978,67047.037978,4595.0,4595,47.65064102564103
2573,66779.037978,66779.037978,67067.037978,66779.037978,67067.037978,288.0,288,48.54545454545455
2582,67011.037978,67011.037978,67101.037978,67011.037978,67101.037978,90.0,90,50.333333333333336
2554,66228.037978,66228.037978,67112.037978,66228.037978,67112.037978,884.0,884,47.14754098360656
2561,66326.037978,66326.037978,67131.037978,66326.037978,67131.037978,805.0,805,47.52
2581,66965.037978,66965.037978,67133.037978,66965.037978,67133.037978,524.3823529411765,672,49.94117647058823
2584,67053.037978,67053.037978,67164.037978,67053.037978,67164.037978,111.0,111,49.416666666666664
2558,66295.037978,66295.037978,67187.037978,66295.037978,67187.037978,892.0,892,47.65079365079365
2583,67014.037978,67014.037978,67212.037978,67014.037978,67212.037978,198.0,198,49.73684210526316
2575,66869.037978,66869.037978,67238.037978,66869.037978,67238.037978,369.0,369,49.06666666666667
2401,61669.037978,61669.037978,67284.037978,61669.037978,67284.037978,5615.0,5615,49.186397984886646
2574,66804.037978,66804.037978,67328.037978,66804.037978,67328.037978,524.0,524,48.853658536585364
2591,67242.037978,67242.037978,67330.037978,67242.037978,67330.037978,88.0,88,49.0
2588,67131.037978,67131.037978,67341.037978,67131.037978,67341.037978,643.9453125,840,49.0625
2340,60138.037978,60252.237978,67347.487978,60245.037978,67269.037978,7024.0,7024,51.3912213740458
2593,67252.037978,67252.037978,67400.037978,67252.037978,67400.037978,148.0,148,48.6
2595,67345.037978,67345.037978,67419.037978,67345.037978,67419.037978,74.0,74,47.666666666666664
2566,66477.037978,66477.037978,67438.037978,66477.037978,67438.037978,961.0,961,48.01587301587302
2296,59043.037978,59043.037978,67442.237978,59043.037978,66849.037978,7806.0,7806,52.663430420711975
2537,65614.037978,65614.037978,67463.037978,65614.037978,67463.037978,1849.0,1849,47.77165354330709
2578,66935.037978,66935.037978,67495.037978,66935.037978,67495.037978,560.0,560,48.69565217391305
2589,67155.037978,67155.037978,67516.037978,67155.037978,67516.037978,361.0,361,47.82142857142857
2577,66928.037978,66928.037978,67621.037978,66928.037978,67621.037978,693.0,693,48.35849056603774
2571,66728.037978,66728.037978,67683.037978,66728.037978,67683.037978,955.0,955,48.06060606060606
2570,66716.037978,66716.037978,67691.037978,66716.037978,67691.037978,975.0,975,47.98529411764706
2585,67099.037978,67099.037978,67721.037978,67099.037978,67721.037978,622.0,622,47.88636363636363
2513,64901.037978,64901.037978,67723.037978,64901.037978,67723.037978,2822.0,2822,47.354838709677416
2601,67530.037978,67530.037978,67779.037978,67530.037978,67779.037978,249.0,249,46.733333333333334
2576,66869.037978,66869.037978,67802.037978,66869.037978,67802.037978,933.0,933,48.044117647058826
2328,59927.037978,59927.037978,67873.621311,59927.037978,67497.037978,7570.0,7570,51.45250431778929
2621,67978.037978,67978.037978,68002.704645,67978.037978,68002.704645,67.0625,74,58.0
2587,67127.037978,67127.037978,68018.037978,67127.037978,68018.037978,891.0,891,48.80952380952381
2615,67884.037978,67884.037978,68029.037978,67884.037978,68029.037978,145.0,145,55.0
2592,67250.037978,67250.037978,68075.037978,67250.037978,68075.037978,825.0,825,49.58620689655172
2607,67734.037978,67734.037978,68084.037978,67734.037978,68084.037978,350.0,350,52.888888888888886
2594,67296.037978,67296.037978,68090.037978,67296.037978,68090.037978,794.0,794,49.89473684210526
2626,68099.037978,68099.037978,68113.704645,68099.037978,68113.704645,39.416666666666664,44,57.333333333333336
2602,67542.037978,67542.037978,68134.037978,67542.037978,68134.037978,592.0,592,51.857142857142854
2600,67502.037978,67502.037978,68144.037978,67502.037978,68144.037978,642.0,642,51.52173913043478
2609,67772.037978,67772.037978,68163.037978,67772.037978,68163.037978,391.0,391,54.09375
2603,67608.037978,67608.037978,68225.037978,67608.037978,68225.037978,617.0,617,52.20454545454545
2606,67732.037978,67732.037978,68253.037978,67732.037978,68253.037978,521.0,521,53.421052631578945
2604,67632.037978,67632.037978,68261.037978,67632.037978,68261.037978,629.0,629,52.48888888888889
2598,67449.037978,67449.037978,68294.037978,67449.037978,68294.037978,845.0,845,51.339285714285715
2596,67352.037978,67352.037978,68334.037978,67352.037978,68334.037978,982.0,982,51.03030303030303
2460,63224.037978,63224.037978,68346.037978,63224.037978,68346.037978,5122.0,5122,47.543352601156066
2610,67792.037978,67792.037978,68377.037978,67792.037978,68377.037978,585.0,585,54.02439024390244
2612,67817.037978,67817.037978,68397.037978,67817.037978,68397.037978,580.0,580,54.38461538461539
2630,68324.037978,68324.037978,68490.037978,68324.037978,68490.037978,166.0,166,52.84615384615385
2627,68103.037978,68103.037978,68552.037978,68103.037978,68552.037978,449.0,449,53.888888888888886
2616,67898.037978,67898.037978,68577.037978,67898.037978,68577.037978,679.0,679,54.77777777777778
2546,65856.037978,65856.037978,68587.037978,65856.037978,68587.037978,2731.0,2731,49.497297297297294
2611,67802.037978,67802.037978,68615.037978,67802.037978,68615.037978,813.0,813,54.29090909090909
2605,67722.037978,67722.037978,68648.037978,67722.037978,68648.037978,926.0,926,53.292307692307695
2613,67852.037978,67852.037978,68667.037978,67852.037978,68667.037978,815.0,815,54.50909090909091
2343,60153.037978,60278.437978,68693.521311,60252.237978,68356.237978,8104.0,8104,51.39573070607553
2636,68469.037978,68469.037978,68737.037978,68469.037978,68737.037978,268.0,268,55.11764705882353
2633,68434.037978,68434.037978,68751.037978,68434.037978,68751.037978,317.0,317,54.57142857142857
2614,67878.037978,67878.037978,68779.037978,67878.037978,68779.037978,901.0,901,54.50819672131148
2637,68474.037978,68474.037978,68795.037978,68474.037978,68795.037978,321.0,321,54.666666666666664
2618,67931.037978,67931.037978,68815.037978,67931.037978,68815.037978,884.0,884,54.644067796610166
2642,68683.037978,68683.037978,68834.037978,68683.037978,68834.037978,376.4275568181818,453,53.18181818181818
2619,67973.037978,67973.037978,68843.037978,67973.037978,68843.037978,870.0,870,54.516666666666666
2617,67904.037978,67904.037978,68848.037978,67904.037978,68848.037978,944.0,944,54.3968253968254
2521,64990.037978,64990.037978,68855.037978,64990.037978,68855.037978,3865.0,3865,49.201581027667984
2624,68057.037978,68057.037978,68866.037978,68057.037978,68866.037978,809.0,809,53.839285714285715
2623,68049.037978,68049.037978,68876.037978,68049.037978,68876.037978,827.0,827,53.66101694915254
2586,67118.037978,67118.037978,68880.037978,67118.037978,68880.037978,1762.0,1762,51.1171875
2639,68521.037978,68521.037978,68888.037978,68521.037978,68888.037978,367.0,367,52.12903225806452
2645,68776.037978,68776.037978,68888.537978,68776.037978,68888.537978,522.3805147058824,675,49.529411764705884
2632,68425.037978,68425.037978,68889.037978,68425.037978,68889.037978,464.0,464,52.073170731707314
2646,68852.037978,68852.037978,68920.037978,68852.037978,68920.037978,68.0,68,47.583333333333336
2568,66540.037978,66540.037978,68942.037978,66540.037978,68942.037978,7544.674851190476,9608,50.25595238095238
2590,67172.037978,67172.037978,68973.037978,67172.037978,68973.037978,1801.0,1801,50.86821705426357
2629,68315.037978,68315.037978,69043.037978,68315.037978,69043.037978,728.0,728,50.98245614035088
2638,68507.037978,68507.037978,69102.037978,68507.037978,69102.037978,595.0,595,50.191489361702125
2653,69002.037978,69002.037978,69134.037978,69002.037978,69134.037978,132.0,132,47.125
2631,68329.037978,68329.037978,69213.037978,68329.037978,69213.037978,884.0,884,50.55555555555556
2634,68454.037978,68454.037978,69215.037978,68454.037978,69215.037978,761.0,761,50.333333333333336
2654,69016.037978,69016.037978,69226.037978,69016.037978,69226.037978,210.0,210,47.583333333333336
2628,68249.037978,68249.037978,69244.037978,68249.037978,69244.037978,995.0,995,50.52054794520548
2655,69085.037978,69085.037978,69264.037978,69085.037978,69264.037978,663.7199519230769,895,47.46153846153846
2423,62265.037978,62265.037978,69264.037978,62265.037978,69264.037978,6999.0,6999,48.64742268041237
2640,68581.037978,68581.037978,69282.237978,68581.037978,69282.237978,2684.28125,3506,49.0
2599,67452.037978,67452.037978,69305.037978,67452.037978,69305.037978,1853.0,1853,50.534351145038165
2635,68465.037978,68465.037978,69311.037978,68465.037978,69311.037978,846.0,846,49.455882352941174
2651,68970.037978,68970.037978,69337.037978,68970.037978,69337.037978,367.0,367,46.172413793103445
2662,69295.037978,69295.037978,69344.037978,69295.037978,69344.037978,49.0,49,45.44444444444444
2648,68876.037978,68876.037978,69359.037978,68876.037978,69359.037978,483.0,483,46.19512195121951
2660,69239.037978,69239.037978,69380.037978,69239.037978,69380.037978,399.50000000000006,564,45.333333333333336
2475,63895.037978,63895.037978,69390.037978,63895.037978,69390.037978,5495.0,5495,47.806788511749346
2666,69341.037978,69341.037978,69406.037978,69341.037978,69406.037978,65.0,65,44.625
2358,60751.037978,60751.037978,69449.704645,60751.037978,69004.037978,8253.0,8253,50.60849056603774
2659,69196.037978,69196.037978,69543.037978,69196.037978,69543.037978,347.0,347,45.42424242424242
2625,68066.037978,68066.037978,69551.037978,68066.037978,69551.037978,1485.0,1485,49.743362831858406
2665,69317.037978,69317.037978,69559.037978,69317.037978,69559.037978,242.0,242,45.23809523809524
2664,69309.037978,69309.037978,69572.037978,69309.037978,69572.037978,263.0,263,45.291666666666664
2657,69101.037978,69101.037978,69583.037978,69101.037978,69583.037978,482.0,482,45.81395348837209
2663,69297.037978,69297.037978,69588.037978,69297.037978,69588.037978,618.0614224137931,873,45.310344827586206
2658,69174.037978,69174.037978,69588.037978,69174.037978,69588.037978,414.0,414,45.57142857142857
2384,61282.037978,61340.704645,69588.454645,61310.287978,69404.287978,8094.0,8094,49.84793388429752
2649,68878.037978,68878.037978,69595.037978,68878.037978,69595.037978,717.0,717,45.714285714285715
2412,62037.037978,62037.037978,69631.037978,62037.037978,69631.037978,7594.0,7594,48.71272727272727
2656,69087.037978,69087.037978,69641.037978,69087.037978,69641.037978,554.0,554,45.4
2283,58689.037978,58729.037978,69657.104645,58729.037978,68255.037978,9526.0,9526,52.31829268292683
2650,68935.037978,68935.037978,69668.037978,68935.037978,69668.037978,733.0,733,45.28358208955224
2579,66940.037978,66940.037978,69669.037978,66940.037978,69669.037978,2729.0,2729,49.06046511627907
2677,69596.037978,69596.037978,69755.037978,69596.037978,69755.037978,330.421875,477,44.333333333333336
2673,69518.037978,69518.037978,69828.037978,69518.037978,69828.037978,310.0,310,45.06060606060606
2620,67974.037978,67974.037978,69910.037978,67974.037978,69910.037978,5944.125,7744,49.125
2661,69274.037978,69274.037978,69920.037978,69274.037978,69920.037978,646.0,646,45.15
2671,69487.037978,69487.037978,70044.037978,69487.037978,70044.037978,557.0,557,45.93333333333333
2689,69813.037978,69813.037978,70084.037978,69813.037978,70084.037978,271.0,271,49.8125
2668,69390.037978,69390.037978,70116.037978,69390.037978,70116.037978,726.0,726,46.44642857142857
2692,69912.037978,69912.037978,70120.037978,69912.037978,70120.037978,208.0,208,51.285714285714285
2687,69703.037978,69703.037978,70182.037978,69703.037978,70182.037978,479.0,479,50.666666666666664
2674,69528.037978,69528.037978,70205.037978,69528.037978,70205.037978,677.0,677,47.763636363636365
2695,70014.037978,70014.037978,70279.037978,70014.037978,70279.037978,265.0,265,54.26086956521739
2667,69368.037978,69368.037978,70325.037978,69368.037978,70325.037978,957.0,957,48.56578947368421
2707,70254.037978,70254.037978,70331.037978,70254.037978,70331.037978,77.0,77,59.0
2688,69706.037978,69706.037978,70331.037978,69706.037978,70331.037978,625.0,625,53.205128205128204
2518,64979.037978,64979.037978,70351.037978,64979.037978,70351.037978,5372.0,5372,48.818897637795274
2709,70261.037978,70261.037978,70372.037978,70261.037978,70372.037978,111.0,111,59.27272727272727
2348,60373.037978,60373.037978,70377.121312,60373.037978,69647.037978,9274.0,9274,50.68119891008175
2442,62756.037978,62756.037978,70388.037978,62756.037978,70388.037978,7632.0,7632,48.425138632162664
2679,69599.037978,69599.037978,70410.037978,69599.037978,70410.037978,811.0,811,51.704918032786885
2683,69668.037978,69668.037978,70420.037978,69668.037978,70420.037978,752.0,752,52.888888888888886
2580,66947.037978,66947.037978,70437.037978,66947.037978,70437.037978,3490.0,3490,49.89887640449438
2680,69601.037978,69601.037978,70469.037978,69601.037978,70469.037978,868.0,868,52.046875
2719,70494.037978,70494.037978,70549.037978,70494.037978,70549.037978,55.0,55,58.2
2686,69698.037978,69698.037978,70564.037978,69698.037978,70564.037978,866.0,866,54.16393442622951
2721,70501.037978,70501.037978,70580.037978,70501.037978,70580.037978,79.0,79,59.142857142857146
2690,69904.037978,69904.037978,70600.037978,69904.037978,70600.037978,696.0,696,55.40983606557377
2494,64356.037978,64356.037978,70608.037978,64356.037978,70608.037978,6252.0,6252,49.093333333333334
2681,69625.037978,69625.037978,70623.037978,69625.037978,70623.037978,998.0,998,53.629629629629626
2711,70285.037978,70285.037978,70627.037978,70285.037978,70627.037978,342.0,342,58.25
2479,63995.037978,63995.037978,70645.037978,63995.037978,70645.037978,6650.0,6650,48.821576763485474
2708,70260.037978,70260.037978,70659.037978,70260.037978,70659.037978,399.0,399,58.348837209302324
2730,70667.037978,70667.037978,70682.637978,70667.037978,70682.637978,72.3125,78,59.333333333333336
2517,64957.037978,64957.037978,70693.037978,64957.037978,70693.037978,5736.0,5736,49.61575178997613
2718,70491.037978,70491.037978,70700.037978,70491.037978,70700.037978,209.0,209,59.074074074074076
2712,70286.037978,70286.037978,70709.037978,70286.037978,70709.037978,423.0,423,58.37777777777778
2672,69512.037978,69512.037978,70719.037978,69512.037978,70719.037978,1207.0,1207,52.78378378378378
2411,61966.037978,61966.037978,70735.037978,61966.037978,70724.037978,8758.0,8758,49.643076923076926
2702,70123.037978,70123.037978,70766.037978,70123.037978,70766.037978,643.0,643,58.08695652173913
2723,70566.037978,70566.037978,70779.371311,70566.037978,70779.371311,594.2424242424242,640,59.42424242424242
2717,70484.037978,70484.037978,70789.037978,70484.037978,70789.037978,305.0,305,59.116279069767444
2694,69950.037978,69950.037978,70796.037978,69950.037978,70796.037978,846.0,846,57.38823529411765
2727,70605.037978,70605.037978,70845.704645,70605.037978,70845.704645,673.7982954545455,722,59.72727272727273
2699,70064.037978,70064.037978,70915.037978,70064.037978,70915.037978,851.0,851,58.28735632183908
2732,70695.037978,70695.037978,70937.037978,70695.037978,70937.037978,242.0,242,60.67857142857143
2696,70032.037978,70032.037978,70953.037978,70032.037978,70953.037978,921.0,921,58.191489361702125
2701,70123.037978,70123.037978,70961.037978,70123.037978,70961.037978,838.0,838,58.83720930232558
2714,70373.037978,70373.037978,70977.037978,70373.037978,70977.037978,604.0,604,59.507462686567166
2722,70513.037978,70513.037978,70980.037978,70513.037978,70980.037978,467.0,467,60.44444444444444
2737,70738.037978,70738.037978,70986.787978,70738.037978,70986.787978,966.39375,995,62.16
2740,70758.037978,70758.037978,71053.037978,70758.037978,71053.037978,295.0,295,62.34782608695652
2706,70219.037978,70219.037978,71064.037978,70219.037978,71064.037978,845.0,845,59.38823529411765
2705,70209.037978,70209.037978,71065.037978,70209.037978,71065.037978,856.0,856,59.310344827586206
2444,62817.037978,62817.037978,71175.637978,62817.037978,71143.037978,8326.0,8326,49.72459016393443
2738,70741.037978,70741.037978,71259.037978,70741.037978,71259.037978,518.0,518,61.303030303030305
2739,70743.037978,70743.037978,71326.037978,70743.037978,71326.037978,583.0,583,61.27272727272727
2748,70922.037978,70922.037978,71373.037978,70922.037978,71373.037978,451.0,451,60.45
2747,70909.037978,70909.037978,71381.037978,70909.037978,71381.037978,472.0,472,60.69565217391305
2726,70595.037978,70595.037978,71405.037978,70595.037978,71405.037978,810.0,810,60.10769230769231
2725,70590.037978,70590.037978,71455.037978,70590.037978,71455.037978,865.0,865,60.0735294117647
2720,70497.037978,70497.037978,71457.037978,70497.037978,71457.037978,960.0,960,59.922077922077925
2715,70406.037978,70406.037978,71473.037978,70406.037978,71473.037978,1067.0,1067,59.42045454545455
2749,70976.037978,70976.037978,71478.037978,70976.037978,71478.037978,502.0,502,59.18518518518518
2759,71463.037978,71463.037978,71482.037978,71463.037978,71482.037978,103.66875000000002,114,58.2
2744,70869.037978,70869.037978,71492.037978,70869.037978,71492.037978,623.0,623,60.02564102564103
2728,70613.037978,70613.037978,71534.037978,70613.037978,71534.037978,921.0,921,59.80281690140845
2512,64825.037978,64825.037978,71551.037978,64825.037978,71551.037978,6726.0,6726,50.83943089430894
2729,70631.037978,70631.037978,71563.037978,70631.037978,71563.037978,932.0,932,59.628571428571426
2755,71388.037978,71388.037978,71572.837978,71388.037978,71572.837978,827.75,924,57.333333333333336
2754,71367.037978,71367.037978,71577.037978,71367.037978,71577.037978,210.0,210,57.27272727272727
2745,70878.037978,70878.037978,71580.037978,70878.037978,71580.037978,702.0,702,59.044444444444444
2710,70264.037978,70264.037978,71582.704645,70264.037978,71582.704645,3638.7323008849557,3956,58.86725663716814
2731,70673.037978,70673.037978,71593.037978,70673.037978,71593.037978,920.0,920,59.041666666666664
2742,70813.037978,70813.037978,71595.704645,70813.037978,71595.704645,4305.137019230769,4696,58.67307692307692
2734,70733.037978,70733.037978,71664.037978,70733.037978,71664.037978,931.0,931,58.67164179104478
2757,71395.037978,71395.037978,71720.037978,71395.037978,71720.037978,325.0,325,54.46153846153846
2684,69675.037978,69675.037978,71726.037978,69675.037978,71726.037978,2051.0,2051,56.50632911392405
2752,71177.037978,71177.037978,71792.037978,71177.037978,71792.037978,615.0,615,54.87179487179487
2767,71808.037978,71808.037978,71881.037978,71808.037978,71881.037978,73.0,73,53.6
2751,71112.037978,71112.037978,71886.037978,71112.037978,71886.037978,774.0,774,54.78846153846154
2763,71666.037978,71666.037978,71887.037978,71666.037978,71887.037978,221.0,221,52.31578947368421
2551,66088.037978,66088.037978,71915.037978,66088.037978,71915.037978,5827.0,5827,51.5592841163311
2758,71425.037978,71425.037978,71970.037978,71425.037978,71970.037978,545.0,545,53.86666666666667
2769,71827.037978,71827.037978,71983.704645,71827.037978,71983.704645,407.119140625,470,55.4375
2766,71770.037978,71770.037978,71995.704645,71770.037978,71995.704645,574.2410714285713,677,54.285714285714285
2756,71389.037978,71389.037978,72031.037978,71389.037978,72031.037978,642.0,642,54.333333333333336
2778,71916.037978,71916.037978,72035.037978,71916.037978,72035.037978,119.0,119,55.888888888888886
2697,70047.037978,70047.037978,72072.037978,70047.037978,72072.037978,2025.0,2025,57.125
2765,71725.037978,71725.037978,72094.037978,71725.037978,72094.037978,369.0,369,54.34375
2768,71811.037978,71811.037978,72113.037978,71811.037978,72113.037978,302.0,302,55.25
2760,71480.037978,71480.037978,72174.037978,71480.037978,72174.037978,694.0,694,53.74074074074074
2678,69596.037978,69596.037978,72269.037978,69596.037978,72269.037978,2673.0,2673,55.53623188405797
2775,71877.037978,71877.037978,72288.037978,71877.037978,72288.037978,411.0,411,56.0
2786,72213.037978,72213.037978,72292.037978,72213.037978,72292.037978,79.0,79,56.666666666666664
2772,71863.037978,71863.037978,72295.037978,71863.037978,72295.037978,432.0,432,55.88235294117647
2764,71671.037978,71671.037978,72313.037978,71671.037978,72313.037978,642.0,642,54.48936170212766
2524,65127.037978,65127.037978,72316.037978,65127.037978,72316.037978,7189.0,7189,51.327619047619045
2753,71194.037978,71194.037978,72375.037978,71194.037978,72375.037978,1181.0,1181,54.964285714285715
2762,71597.037978,71597.037978,72389.037978,71597.037978,72389.037978,792.0,792,54.160714285714285
2787,72230.037978,72230.037978,72404.037978,72230.037978,72404.037978,451.142578125,522,55.3125
2716,70456.037978,70456.037978,72442.037978,70456.037978,72442.037978,1986.0,1986,57.037974683544306
2773,71867.037978,71867.037978,72444.037978,71867.037978,72444.037978,577.0,577,55.52173913043478
2774,71869.037978,71869.037978,72457.037978,71869.037978,72457.037978,588.0,588,55.47826086956522
2793,72393.037978,72393.037978,72506.037978,72393.037978,72506.037978,113.0,113,53.888888888888886
2784,72124.037978,72124.037978,72529.037978,72124.037978,72529.037978,405.0,405,54.724137931034484
2685,69684.037978,69684.037978,72561.037978,69684.037978,72561.037978,2877.0,2877,56.04587155963303
2776,71904.037978,71904.037978,72569.037978,71904.037978,72569.037978,665.0,665,54.979166666666664
2796,72502.037978,72502.037978,72640.037978,72502.037978,72640.037978,138.0,138,53.416666666666664
2792,72370.037978,72370.037978,72692.037978,72370.037978,72692.037978,322.0,322,54.407407407407405
2724,70566.037978,70566.037978,72704.037978,70566.037978,72704.037978,2138.0,2138,56.752941176470586
2779,72015.037978,72015.037978,72753.037978,72015.037978,72753.037978,738.0,738,55.45762711864407
2770,71855.037978,71855.037978,72753.037978,71855.037978,72753.037978,898.0,898,55.56578947368421
2802,72639.037978,72639.037978,72766.037978,72639.037978,72766.037978,127.0,127,58.5625
2808,72693.037978,72693.037978,72772.637978,72693.037978,72772.637978,374.50694444444446,398,60.22222222222222
2810,72737.037978,72737.037978,72792.537978,72737.037978,72792.537978,104.279296875,111,60.125
2783,72093.037978,72093.037978,72805.037978,72093.037978,72805.037978,712.0,712,55.88135593220339
2807,72693.037978,72693.037978,72810.537978,72693.037978,72810.537978,436.7083333333333,470,59.46666666666667
2777,71910.037978,71910.037978,72820.037978,71910.037978,72820.037978,910.0,910,55.91891891891892
2809,72730.037978,72730.037978,72821.637978,72730.037978,72821.637978,423.24107142857144,458,59.142857142857146
2790,72347.037978,72347.037978,72833.037978,72347.037978,72833.037978,486.0,486,56.0625
2799,72615.037978,72615.037978,72882.037978,72615.037978,72882.037978,267.0,267,57.529411764705884
2794,72431.037978,72431.037978,72891.537978,72431.037978,72891.537978,2435.996010638298,2763,56.42553191489362
2815,72842.037978,72842.037978,72943.037978,72842.037978,72943.037978,101.0,101,59.53333333333333
2805,72653.037978,72653.037978,72968.037978,72653.037978,72968.037978,315.0,315,59.10526315789474
2823,72913.037978,72913.037978,72979.037978,72913.037978,72979.037978,66.0,66,63.285714285714285
2819,72893.037978,72893.037978,72986.037978,72893.037978,72986.037978,93.0,93,61.69230769230769
2746,70882.037978,70961.037978,73042.954645,70937.037978,73017.037978,5498.372781065088,6200,56.75739644970414
2825,72916.037978,72916.037978,73062.037978,72916.037978,73062.037978,146.0,146,63.69230769230769
2801,72629.037978,72629.037978,73100.037978,72629.037978,73100.037978,471.0,471,59.56603773584906
2644,68775.037978,68775.037978,73107.037978,68775.037978,73107.037978,4332.0,4332,54.076502732240435
2817,72867.037978,72867.037978,73118.037978,72867.037978,73118.037978,251.0,251,61.76923076923077
2791,72352.037978,72352.037978,73126.037978,72352.037978,73126.037978,774.0,774,58.0921052631579
2780,72017.037978,72017.037978,73129.037978,72017.037978,73129.037978,1112.0,1112,57.51
2832,73137.037978,73137.037978,73153.037978,73137.037978,73153.037978,90.5,96,60.333333333333336
2806,72675.037978,72675.037978,73191.037978,72675.037978,73191.037978,516.0,516,60.228070175438596
2831,73051.037978,73051.037978,73194.037978,73051.037978,73194.037978,143.0,143,61.714285714285715
2781,72021.037978,72021.037978,73196.704645,72021.037978,73196.704645,3182.952686915888,3527,57.757009345794394
2675,69545.037978,69545.037978,73212.037978,69545.037978,73212.037978,3667.0,3667,55.91961414790997
2834,73162.037978,73162.037978,73263.037978,73162.037978,73263.037978,101.0,101,60.285714285714285
2833,73139.037978,73139.037978,73297.037978,73139.037978,73297.037978,158.0,158,59.81818181818182
2822,72910.037978,72910.037978,73298.037978,72910.037978,73298.037978,388.0,388,61.588235294117645
2820,72896.037978,72896.037978,73336.037978,72896.037978,73336.037978,440.0,440,61.1578947368421
2826,72938.037978,72938.037978,73363.037978,72938.037978,73363.037978,425.0,425,61.0
2829,73017.037978,73017.037978,73377.037978,73017.037978,73377.037978,360.0,360,60.25
2477,63948.037978,63948.037978,73402.037978,63948.037978,73402.037978,9454.0,9454,51.47050561797753
2803,72646.037978,72646.037978,73423.037978,72646.037978,73423.037978,777.0,777,59.45333333333333
2812,72791.037978,72791.037978,73483.037978,72791.037978,73483.037978,692.0,692,59.41935483870968
2572,66732.037978,66732.037978,73492.037978,66732.037978,73492.037978,6760.0,6760,53.41619585687382
2771,71861.037978,71861.037978,73501.291311,71861.037978,73427.637978,7013.590425531916,7833,57.304964539007095
2840,73469.037978,73469.037978,73542.237978,73469.037978,73542.237978,307.66875,366,53.8
2811,72738.037978,72738.037978,73602.037978,72738.037978,73602.037978,864.0,864,59.013888888888886
2821,72903.037978,72903.037978,73616.037978,72903.037978,73616.037978,713.0,713,59.13461538461539
2839,73381.037978,73381.037978,73666.037978,73381.037978,73666.037978,285.0,285,53.13333333333333
2843,73633.037978,73633.037978,73667.037978,73633.037978,73667.037978,34.0,34,52.25
2691,69907.037978,69907.037978,73716.037978,69907.037978,73716.037978,3809.0,3809,56.87947882736157
2814,72831.037978,72831.037978,73731.037978,72831.037978,73731.037978,900.0,900,58.05797101449275
2837,73325.037978,73325.037978,73734.037978,73325.037978,73734.037978,409.0,409,53.4
2844,73641.037978,73641.037978,73763.037978,73641.037978,73763.037978,122.0,122,51.375
2838,73357.037978,73357.037978,73764.037978,73357.037978,73764.037978,407.0,407,52.76
2841,73585.037978,73585.037978,73802.037978,73585.037978,73802.037978,217.0,217,50.86666666666667
2816,72865.037978,72865.037978,73822.037978,72865.037978,73822.037978,957.0,957,57.31944444444444
2804,72646.037978,72646.037978,73837.037978,72646.037978,73837.037978,1191.0,1191,57.3469387755102
2842,73613.037978,73613.037978,73895.037978,73613.037978,73895.037978,282.0,282,49.55555555555556
2845,73685.037978,73685.037978,73983.037978,73685.037978,73983.037978,298.0,298,48.26315789473684
2830,73033.037978,73033.037978,73998.037978,73033.037978,73998.037978,965.0,965,54.57142857142857
2669,69418.037978,69418.037978,73998.037978,69418.037978,73998.037978,4580.0,4580,55.13972602739726
2850,73967.037978,73967.037978,74006.037978,73967.037978,74006.037978,39.0,39,49.125
2676,69580.037978,69580.037978,74087.037978,69580.037978,74087.037978,4507.0,4507,55.36312849162011
2836,73285.037978,73285.037978,74108.371311,73285.037978,74108.371311,3946.9531250000005,4940,51.13461538461539
2835,73185.037978,73185.037978,74119.037978,73185.037978,74119.037978,934.0,934,52.016949152542374
2670,69484.037978,69484.037978,74133.037978,69484.037978,74133.037978,4649.0,4649,55.045698924731184
2851,73978.037978,73978.037978,74158.037978,73978.037978,74158.037978,180.0,180,48.88235294117647
2849,73936.037978,73936.037978,74198.037978,73936.037978,74198.037978,262.0,262,48.54545454545455
2733,70728.037978,70728.037978,74222.437978,70728.037978,73320.704645,6796.119221698113,7778,55.92075471698113
2846,73816.037978,73816.037978,74263.037978,73816.037978,74263.037978,447.0,447,48.03125
2499,64475.037978,64475.037978,74287.037978,64475.037978,74284.037978,9809.0,9809,51.79807692307692
2565,66425.037978,66425.037978,74307.037978,66425.037978,74288.037978,7863.0,7863,52.83946488294314
2693,69938.037978,69938.037978,74342.037978,69938.037978,74342.037978,4404.0,4404,55.904347826086955
2854,74025.037978,74025.037978,74371.037978,74025.037978,74371.037978,346.0,346,48.125
2863,74291.037978,74291.037978,74415.037978,74291.037978,74415.037978,124.0,124,48.0
2861,74229.037978,74229.037978,74432.037978,74229.037978,74432.037978,203.0,203,48.35294117647059
2852,73978.037978,73978.037978,74452.037978,73978.037978,74452.037978,474.0,474,48.725
2868,74406.037978,74406.037978,74530.704645,74406.037978,74530.704645,597.0364583333334,748,51.083333333333336
2872,74439.037978,74439.037978,74560.037978,74439.037978,74560.037978,121.0,121,53.2
2847,73835.037978,73835.037978,74650.037978,73835.037978,74650.037978,815.0,815,49.6271186440678
2866,74374.037978,74374.037978,74661.037978,74374.037978,74661.037978,287.0,287,52.56521739130435
2865,74350.037978,74350.037978,74735.037978,74350.037978,74735.037978,385.0,385,52.89655172413793
2877,74551.037978,74551.037978,74769.037978,74551.037978,74769.037978,218.0,218,57.06666666666667
2622,68029.037978,68029.037978,74791.037978,68029.037978,74752.037978,6723.0,6723,53.76660341555977
2853,73978.037978,73978.037978,74795.037978,73978.037978,74795.037978,817.0,817,51.39344262295082
2869,74418.037978,74418.037978,74810.037978,74418.037978,74810.037978,392.0,392,55.03448275862069
2888,74824.037978,74824.037978,74936.787978,74824.037978,74936.787978,417.17500000000007,451,59.2
2862,74256.037978,74256.037978,74948.037978,74256.037978,74948.037978,692.0,692,53.69387755102041
2875,74526.037978,74526.037978,74959.037978,74526.037978,74959.037978,433.0,433,57.333333333333336
2871,74433.037978,74433.037978,74979.037978,74433.037978,74979.037978,546.0,546,56.52777777777778
2860,74194.037978,74194.037978,75019.037978,74194.037978,75019.037978,825.0,825,53.666666666666664
2867,74388.037978,74388.037978,75024.037978,74388.037978,75024.037978,636.0,636,55.61363636363637
2652,68988.037978,68988.037978,75030.037978,68988.037978,75030.037978,6042.0,6042,54.10191082802548
2859,74171.037978,74171.037978,75069.037978,74171.037978,75069.037978,898.0,898,53.828125
2883,74690.037978,74690.037978,75076.037978,74690.037978,75076.037978,386.0,386,58.111111111111114
2873,74460.037978,74460.037978,75078.037978,74460.037978,75078.037978,618.0,618,56.95238095238095
2894,75054.037978,75054.037978,75091.037978,75054.037978,75091.037978,37.0,37,56.666666666666664
2878,74551.037978,74551.037978,75094.037978,74551.037978,75094.037978,543.0,543,57.473684210526315
2892,74954.037978,74954.037978,75122.037978,74954.037978,75122.037978,168.0,168,56.733333333333334
2882,74664.037978,74664.037978,75122.037978,74664.037978,75122.037978,458.0,458,57.42424242424242
2890,74913.037978,74913.037978,75168.037978,74913.037978,75168.037978,255.0,255,56.857142857142854
2884,74702.037978,74702.037978,75189.037978,74702.037978,75189.037978,487.0,487,56.88235294117647
2870,74423.037978,74423.037978,75197.037978,74423.037978,75197.037978,774.0,774,55.589285714285715
2700,70110.037978,70110.037978,75234.037978,70110.037978,75234.037978,5124.0,5124,55.79601990049751
2864,74334.037978,74334.037978,75296.037978,74334.037978,75296.037978,962.0,962,54.3013698630137
2895,75055.037978,75055.037978,75313.037978,75055.037978,75313.037978,258.0,258,53.09090909090909
2647,68866.037978,68866.037978,75332.037978,68866.037978,75332.037978,6466.0,6466,53.86247544204322
2876,74538.037978,74538.037978,75368.037978,74538.037978,75368.037978,830.0,830,55.55
2899,75233.037978,75233.037978,75375.037978,75233.037978,75375.037978,142.0,142,53.0
2891,74932.037978,74932.037978,75396.037978,74932.037978,75396.037978,464.0,464,54.523809523809526
2750,71071.037978,71071.037978,75408.037978,71071.037978,75408.037978,4337.0,4337,54.78328173374613
2874,74486.037978,74486.037978,75411.037978,74486.037978,75411.037978,925.0,925,55.267605633802816
2896,75182.037978,75182.037978,75421.037978,75182.037978,75421.037978,239.0,239,52.76923076923077
2898,75231.037978,75231.037978,75423.637978,75231.037978,75423.637978,799.3652343750001,963,53.125
2902,75258.037978,75258.037978,75429.037978,75258.037978,75429.037978,171.0,171,53.55
2879,74588.037978,74588.037978,75476.037978,74588.037978,75476.037978,888.0,888,55.18840579710145
2910,75422.037978,75422.037978,75527.037978,75422.037978,75527.037978,105.0,105,52.111111111111114
2907,75394.037978,75394.037978,75527.537978,75394.037978,75527.537978,662.5919117647059,801,52.94117647058823
2743,70818.037978,71572.837978,75527.741312,70986.787978,73469.662978,8421.931144067796,9788,55.067796610169495
2886,74743.037978,74743.037978,75528.037978,74743.037978,75528.037978,785.0,785,54.52238805970149
2887,74819.037978,74819.037978,75545.037978,74819.037978,75545.037978,726.0,726,54.12698412698413
2885,74736.037978,74736.037978,75593.037978,74736.037978,75593.037978,857.0,857,54.28767123287671
2908,75395.037978,75395.037978,75682.037978,75395.037978,75682.037978,287.0,287,52.666666666666664
2917,75591.037978,75591.037978,75683.537978,75591.037978,75683.537978,469.06960227272725,555,54.09090909090909
2909,75401.037978,75401.037978,75727.037978,75401.037978,75727.037978,326.0,326,52.903225806451616
2893,75050.037978,75050.037978,75767.037978,75050.037978,75767.037978,717.0,717,53.13846153846154
2800,72620.037978,72620.037978,75839.037978,72620.037978,75839.037978,3219.0,3219,54.576470588235296
2919,75608.037978,75608.037978,75841.037978,75608.037978,75841.037978,233.0,233,55.8235294117647
2797,72506.037978,72506.037978,75873.037978,72506.037978,75873.037978,3367.0,3367,54.551330798479086
2889,74907.037978,74907.037978,75881.037978,74907.037978,75881.037978,974.0,974,54.27906976744186
2912,75488.037978,75488.037978,75909.037978,75488.037978,75909.037978,421.0,421,54.416666666666664
2923,75652.037978,75652.037978,75927.037978,75652.037978,75927.037978,275.0,275,56.65
2903,75258.037978,75258.037978,76003.037978,75258.037978,76003.037978,745.0,745,54.25806451612903
2905,75347.037978,75347.037978,76009.037978,75347.037978,76009.037978,662.0,662,54.37931034482759
2931,75887.037978,75887.037978,76016.637978,75887.037978,76016.637978,581.1750000000001,648,57.4
2643,68693.037978,68693.037978,76064.037978,68693.037978,76006.037978,7313.0,7313,53.86153846153846
2897,75192.037978,75192.037978,76098.037978,75192.037978,76098.037978,906.0,906,54.054054054054056
2936,76105.037978,76105.037978,76138.037978,76105.037978,76138.037978,33.0,33,55.333333333333336
2927,75810.037978,75810.037978,76157.037978,75810.037978,76157.037978,347.0,347,56.791666666666664
2900,75254.037978,75254.037978,76201.037978,75254.037978,76201.037978,947.0,947,54.35526315789474
2934,75983.037978,75983.037978,76290.037978,75983.037978,76290.037978,307.0,307,56.36842105263158
2925,75778.037978,75778.037978,76297.037978,75778.037978,76297.037978,519.0,519,56.57142857142857
2782,72040.037978,72040.037978,76326.037978,72040.037978,76326.037978,4286.0,4286,54.752321981424146
2916,75580.037978,75580.037978,76338.037978,75580.037978,76338.037978,758.0,758,55.84313725490196
2939,76192.037978,76192.037978,76342.037978,76192.037978,76342.037978,150.0,150,56.583333333333336
2926,75803.037978,75803.037978,76383.037978,75803.037978,76383.037978,580.0,580,56.525
2921,75640.037978,75640.037978,76388.037978,75640.037978,76388.037978,748.0,748,56.32
2915,75562.037978,75562.037978,76394.704645,75562.037978,76394.704645,2172.290948275862,2498,55.6551724137931
2920,75615.037978,75615.037978,76409.037978,75615.037978,76409.037978,794.0,794,56.111111111111114
2943,76285.037978,76285.037978,76411.037978,76285.037978,76411.037978,126.0,126,55.714285714285715
2914,75515.037978,75515.037978,76448.037978,75515.037978,76448.037978,933.0,933,55.178082191780824
2924,75683.037978,75683.037978,76527.837978,75683.037978,76527.837978,3696.0,4224,56.0
2597,67406.037978,67406.037978,76528.454645,67406.037978,76376.037978,8970.0,8970,53.69176136363637
2929,75832.037978,75832.037978,76610.037978,75832.037978,76610.037978,778.0,778,56.03703703703704
2935,76000.037978,76000.037978,76628.037978,76000.037978,76628.037978,628.0,628,55.75
2941,76216.037978,76216.037978,76653.037978,76216.037978,76653.037978,437.0,437,55.78787878787879
2932,75887.037978,75887.037978,76664.037978,75887.037978,76664.037978,777.0,777,56.0
2940,76209.037978,76209.037978,76689.037978,76209.037978,76689.037978,480.0,480,55.94736842105263
2880,74627.037978,74627.037978,76693.037978,74627.037978,76693.037978,2066.0,2066,55.25625
2930,75876.037978,75876.037978,76702.037978,75876.037978,76702.037978,826.0,826,56.08196721311475
2950,76441.037978,76441.037978,76732.037978,76441.037978,76732.037978,291.0,291,56.57142857142857
2735,70734.037978,70734.037978,76735.637978,70734.037978,76676.037978,5942.0,5942,55.31428571428572
2952,76512.037978,76512.037978,76751.037978,76512.037978,76751.037978,630.0424107142858,717,56.23809523809524
2956,76632.037978,76632.037978,76755.037978,76632.037978,76755.037978,123.0,123,56.0
2942,76219.037978,76219.037978,76776.037978,76219.037978,76776.037978,557.0,557,55.65909090909091
2788,72254.037978,73542.237978,76794.904645,72404.037978,75656.704645,8352.281073943663,9758,54.780281690140846
2906,75368.037978,75368.037978,76807.037978,75368.037978,76807.037978,3702.3624730603447,4317,54.88793103448276
2741,70786.037978,70786.037978,76824.637978,70786.037978,76763.037978,5977.0,5977,55.15824175824176
2828,72986.037978,72986.037978,76850.037978,72986.037978,76850.037978,3864.0,3864,54.12323943661972
2962,76786.037978,76786.037978,76909.037978,76786.037978,76909.037978,123.0,123,51.6
2698,70059.037978,70059.037978,76956.804645,70059.037978,76829.037978,6770.0,6770,55.46111111111111
2963,76842.037978,76842.037978,76966.037978,76842.037978,76966.037978,124.0,124,51.666666666666664
2937,76110.037978,76110.037978,76966.037978,76110.037978,76966.037978,856.0,856,54.701492537313435
2964,76857.037978,76857.037978,76992.037978,76857.037978,76992.037978,135.0,135,51.6
2968,76977.037978,76977.037978,76995.537978,76977.037978,76995.537978,58.58333333333333,74,50.666666666666664
2789,72308.037978,72308.037978,77029.537978,72308.037978,76930.037978,4622.0,4622,54.595628415300546
2949,76428.037978,76428.037978,77105.037978,76428.037978,77105.037978,677.0,677,53.729166666666664
2957,76646.037978,76646.037978,77114.037978,76646.037978,77114.037978,468.0,468,52.75
2713,70331.037978,70331.037978,77157.804645,70331.037978,76856.037978,6525.0,6525,55.313092979127134
2945,76350.037978,76350.037978,77178.037978,76350.037978,77178.037978,828.0,828,53.10769230769231
2857,74092.037978,74092.037978,77185.037978,74092.037978,77185.037978,3093.0,3093,53.67372881355932
2966,76883.037978,76883.037978,77186.037978,76883.037978,77186.037978,303.0,303,49.90909090909091
2959,76686.037978,76686.037978,77245.037978,76686.037978,77245.037978,559.0,559,51.42857142857143
2954,76595.037978,76595.037978,77246.037978,76595.037978,77246.037978,651.0,651,52.30508474576271
2971,77166.037978,77166.037978,77250.037978,77166.037978,77250.037978,84.0,84,50.8235294117647
2970,77115.037978,77115.037978,77323.037978,77115.037978,77323.037978,208.0,208,51.208333333333336
2969,77044.037978,77044.037978,77326.037978,77044.037978,77326.037978,282.0,282,51.035714285714285
2761,71570.037978,71570.037978,77334.537978,71570.037978,77217.037978,5647.0,5647,54.27111111111111
2975,77188.037978,77188.037978,77362.037978,77188.037978,77362.037978,174.0,174,52.888888888888886
2978,77204.037978,77204.037978,77370.537978,77204.037978,77370.537978,557.384765625,666,53.5625
2946,76399.037978,76399.037978,77373.037978,76399.037978,77373.037978,974.0,974,52.83132530120482
2982,77255.037978,77255.037978,77378.037978,77255.037978,77378.037978,123.0,123,53.27272727272727
2960,76750.037978,76750.037978,77434.037978,76750.037978,77434.037978,684.0,684,51.31147540983606
2958,76655.037978,76655.037978,77525.037978,76655.037978,77525.037978,870.0,870,51.929577464788736
2858,74138.037978,74138.037978,77596.037978,74138.037978,77596.037978,3458.0,3458,53.59925093632959
2989,77424.037978,77424.037978,77660.037978,77424.037978,77660.037978,236.0,236,55.5625
2961,76776.037978,76776.037978,77669.037978,76776.037978,77669.037978,893.0,893,52.236111111111114
2991,77525.037978,77525.037978,77685.037978,77525.037978,77685.037978,160.0,160,57.0
2608,67737.037978,67737.037978,77685.721312,67737.037978,77075.037978,9338.0,9338,53.83118556701031
2994,77564.037978,77564.037978,77731.437978,77564.037978,77731.437978,759.403125,837,58.06666666666667
2974,77177.037978,77177.037978,77737.037978,77177.037978,77737.037978,560.0,560,54.05769230769231
2987,77385.037978,77385.037978,77743.037978,77385.037978,77743.037978,358.0,358,56.148148148148145
2986,77384.037978,77384.037978,77796.037978,77384.037978,77796.037978,412.0,412,55.93103448275862
2999,77641.037978,77641.037978,77828.037978,77641.037978,77828.037978,187.0,187,58.55555555555556
2992,77548.037978,77548.037978,77852.704645,77548.037978,77852.704645,824.6099537037037,914,57.74074074074074
2973,77169.037978,77169.037978,77857.037978,77169.037978,77857.037978,688.0,688,54.61904761904762
3003,77733.037978,77733.037978,77874.037978,77733.037978,77874.037978,141.0,141,58.23076923076923
2981,77242.037978,77242.037978,77876.037978,77242.037978,77876.037978,634.0,634,55.629629629629626
2967,76935.037978,76935.037978,77899.037978,76935.037978,77899.037978,964.0,964,53.80487804878049
2984,77301.037978,77301.037978,77928.037978,77301.037978,77928.037978,627.0,627,55.9811320754717
2827,72985.037978,72985.037978,77936.037978,72985.037978,77936.037978,4951.0,4951,54.098404255319146
2998,77625.037978,77625.037978,77955.037978,77625.037978,77955.037978,897.65625,990,58.03030303030303
3012,77941.037978,77941.037978,77984.037978,77941.037978,77984.037978,43.0,43,58.375
2997,77612.037978,77612.037978,78002.037978,77612.037978,78002.037978,390.0,390,58.175
3006,77811.037978,77811.037978,78051.037978,77811.037978,78051.037978,240.0,240,58.2
3011,77917.037978,77917.037978,78065.037978,77917.037978,78065.037978,148.0,148,58.5625
2979,77206.037978,77206.037978,78135.037978,77206.037978,78135.037978,929.0,929,56.58024691358025
3023,78115.037978,78115.037978,78190.037978,78115.037978,78190.037978,375.0,375,64.0
2955,76612.037978,76612.037978,78190.787978,76612.037978,78190.787978,5441.253396739131,6315,55.14492753623188
2785,72141.037978,72141.037978,78216.637978,72141.037978,78071.037978,5930.0,5930,54.96049896049896
3018,78033.037978,78033.037978,78224.037978,78033.037978,78224.037978,563.59921875,573,62.95
3028,78200.037978,78200.037978,78255.037978,78200.037978,78255.037978,56.43229166666667,55,65.66666666666667
3021,78096.037978,78096.037978,78289.037978,78096.037978,78289.037978,193.53216911764704,193,64.17647058823529
3014,77964.037978,77964.037978,78307.037978,77964.037978,78307.037978,343.0,343,62.275862068965516
2703,70135.037978,70135.037978,78312.321311,70135.037978,77822.037978,7687.0,7687,55.61941448382127
3020,78076.037978,78076.037978,78342.037978,78076.037978,78342.037978,266.0,266,63.52173913043478
3024,78117.037978,78117.037978,78386.037978,78117.037978,78386.037978,269.0,269,64.0
2993,77564.037978,77564.037978,78401.037978,77564.037978,78401.037978,837.0,837,59.86666666666667
3030,78205.037978,78205.037978,78438.037978,78205.037978,78438.037978,233.0,233,63.3125
3005,77811.037978,77811.037978,78449.037978,77811.037978,78449.037978,638.0,638,60.793103448275865
2682,69667.037978,69667.037978,78477.237978,69667.037978,77910.037978,8243.0,8243,55.41763005780347
3008,77855.037978,77855.037978,78496.037978,77855.037978,78496.037978,641.0,641,61.017857142857146
3001,77702.037978,77702.037978,78500.037978,77702.037978,78500.037978,798.0,798,60.457142857142856
3034,78401.037978,78401.037978,78540.037978,78401.037978,78540.037978,139.0,139,61.333333333333336
3019,78056.037978,78056.037978,78551.037978,78056.037978,78551.037978,495.0,495,62.43589743589744
2813,72801.037978,72821.637978,78660.054645,72821.637978,78541.637978,5720.0,5720,55.284463894967175
3038,78565.037978,78565.037978,78676.537978,78565.037978,78676.537978,429.7395833333333,446,61.666666666666664
3037,78542.037978,78542.037978,78688.037978,78542.037978,78688.037978,698.6328124999999,730,61.25
3043,78654.037978,78654.037978,78754.037978,78654.037978,78754.037978,100.0,100,63.8
3026,78169.037978,78169.037978,78761.037978,78169.037978,78761.037978,592.0,592,62.73913043478261
3022,78103.037978,78103.037978,78764.037978,78103.037978,78764.037978,661.0,661,62.75
3013,77948.037978,77948.037978,78766.037978,77948.037978,78766.037978,818.0,818,62.01470588235294
3015,77966.037978,77966.037978,78793.037978,77966.037978,78793.037978,827.0,827,62.24242424242424
3047,78731.037978,78731.037978,78800.037978,78731.037978,78800.037978,69.11979166666667,69,64.11111111111111
3017,77982.037978,77982.037978,78866.037978,77982.037978,78866.037978,884.0,884,62.338235294117645
3036,78468.037978,78468.037978,78877.037978,78468.037978,78877.037978,409.0,409,62.09375
3016,77973.037978,77973.037978,78909.037978,77973.037978,78909.037978,936.0,936,62.263888888888886
3048,78739.037978,78739.037978,78911.037978,78739.037978,78911.037978,172.0,172,63.0
3027,78172.037978,78172.037978,78972.037978,78172.037978,78972.037978,800.0,800,62.559322033898304
2736,70738.037978,70738.037978,78975.054645,70738.037978,78016.037978,7278.0,7278,55.870866141732286
3039,78580.037978,78580.037978,79063.037978,78580.037978,79063.037978,483.0,483,62.30555555555556
3040,78610.037978,78610.037978,79065.037978,78610.037978,79065.037978,455.0,455,62.416666666666664
3046,78703.037978,78703.037978,79124.037978,78703.037978,79124.037978,421.0,421,62.46666666666667
3029,78205.037978,78205.037978,79135.037978,78205.037978,79135.037978,930.0,930,62.338235294117645
3054,78990.037978,78990.037978,79143.037978,78990.037978,79143.037978,153.0,153,62.46153846153846
3031,78325.037978,78325.037978,79150.037978,78325.037978,79150.037978,825.0,825,62.03225806451613
3042,78642.037978,78642.037978,79166.037978,78642.037978,79166.037978,524.0,524,62.57142857142857
3058,79056.037978,79056.037978,79185.037978,79056.037978,79185.037978,378.534375,387,62.6
3033,78385.037978,78385.037978,79236.037978,78385.037978,79236.037978,851.0,851,62.0735294117647
3032,78341.037978,78341.037978,79248.037978,78341.037978,79248.037978,2640.759242957746,2721,62.11267605633803
3045,78702.037978,78702.037978,79254.037978,78702.037978,79254.037978,552.0,552,62.52173913043478
3050,78816.037978,78816.037978,79274.037978,78816.037978,79274.037978,458.0,458,62.138888888888886
3059,79080.037978,79080.037978,79281.371311,79080.037978,79281.371311,591.259375,604,62.65
3051,78831.037978,78831.037978,79291.037978,78831.037978,79291.037978,460.0,460,62.08108108108108
3066,79220.037978,79220.037978,79296.037978,79220.037978,79296.037978,76.0,76,62.44444444444444
3052,78901.037978,78901.037978,79363.037978,78901.037978,79363.037978,462.0,462,61.75609756097561
3041,78616.037978,78616.037978,79411.637978,78616.037978,79411.637978,3868.25537109375,3978,62.234375
2913,75502.037978,75502.037978,79441.037978,75502.037978,79441.037978,3939.0,3939,57.287539936102235
2972,77169.037978,77169.037978,79464.037978,77169.037978,79464.037978,2295.0,2295,59.203125
3044,78666.037978,78666.037978,79492.037978,78666.037978,79492.037978,826.0,826,62.134328358208954
3025,78159.037978,78159.037978,79492.371311,78159.037978,79492.371311,3890.3301886792447,4000,62.24528301886792
3065,79206.037978,79206.037978,79517.037978,79206.037978,79517.037978,311.0,311,61.67857142857143
3057,79041.037978,79041.037978,79586.037978,79041.037978,79586.037978,545.0,545,62.28
3075,79471.037978,79471.037978,79600.037978,79471.037978,79600.037978,129.47426470588235,129,64.23529411764706
3053,78934.037978,78934.037978,79621.037978,78934.037978,79621.037978,687.0,687,62.61290322580645
3049,78764.037978,78764.037978,79627.037978,78764.037978,79627.037978,863.0,863,62.62162162162162
3085,79587.037978,79587.037978,79648.037978,79587.037978,79648.037978,64.931640625,61,68.125
3062,79175.037978,79175.037978,79648.037978,79175.037978,79648.037978,473.0,473,63.270833333333336
3064,79184.037978,79184.037978,79670.037978,79184.037978,79670.037978,486.0,486,63.520833333333336
3063,79181.037978,79181.037978,79675.037978,79181.037978,79675.037978,494.0,494,63.52
3080,79533.037978,79533.037978,79686.037978,79533.037978,79686.037978,159.4169407894737,153,66.6842105263158
3079,79531.037978,79531.037978,79720.637978,79531.037978,79720.637978,982.5624999999999,948,66.33333333333333
3056,79015.037978,79015.037978,79723.037978,79015.037978,79723.037978,708.0,708,63.32835820895522
2951,76441.037978,76441.037978,79733.037978,76441.037978,79733.037978,3292.0,3292,58.743589743589745
3081,79546.037978,79546.037978,79751.037978,79546.037978,79751.037978,211.6974431818182,205,66.0909090909091
3071,79346.037978,79346.037978,79781.037978,79346.037978,79781.037978,435.0,435,64.0
3082,79568.037978,79568.037978,79806.037978,79568.037978,79806.037978,242.26967592592595,238,65.14814814814815
3055,78991.037978,78991.037978,79918.037978,78991.037978,79918.037978,927.0,927,63.19512195121951
3004,77801.037978,77801.037978,79952.037978,77801.037978,79952.037978,2151.0,2151,62.0939226519337
3073,79412.037978,79412.037978,79953.037978,79412.037978,79953.037978,542.3801020408164,541,64.16326530612245
3091,79767.037978,79767.037978,79959.037978,79767.037978,79959.037978,192.0,192,63.8
3083,79583.037978,79583.037978,80022.037978,79583.037978,80022.037978,446.373828125,439,65.075
3067,79223.037978,79223.037978,80026.037978,79223.037978,80026.037978,803.0,803,63.71830985915493
2911,75476.037978,75476.037978,80035.037978,75476.037978,80035.037978,4559.0,4559,58.30810810810811
3103,80047.037978,80047.037978,80073.037978,80047.037978,80073.037978,79.21875,78,65.0
3072,79351.037978,79351.037978,80093.037978,79351.037978,80093.037978,744.71728515625,742,64.234375
3102,79999.037978,79999.037978,80099.204645,79999.037978,80099.204645,612.4774305555557,601,65.22222222222223
3077,79496.037978,79496.037978,80117.037978,79496.037978,80117.037978,627.7575334821428,621,64.69642857142857
3070,79342.037978,79342.037978,80131.037978,79342.037978,80131.037978,790.0418133802817,789,64.08450704225352
3088,79632.037978,79632.037978,80149.037978,79632.037978,80149.037978,519.38671875,517,64.29545454545455
3096,79877.037978,79877.037978,80160.037978,79877.037978,80160.037978,286.0612980769231,283,64.6923076923077
3105,80105.037978,80105.037978,80179.037978,80105.037978,80179.037978,74.0,74,63.375
3074,79465.037978,79465.037978,80185.037978,79465.037978,80185.037978,723.1433823529412,720,64.27941176470588
3099,79956.037978,79956.037978,80249.037978,79956.037978,80249.037978,293.0,293,63.8
2976,77193.037978,77193.037978,80256.037978,77193.037978,80256.037978,3063.0,3063,60.84496124031008
2641,68601.037978,68648.037978,80271.604645,68648.037978,78572.037978,9924.0,9924,55.776709401709404
3108,80234.037978,80234.037978,80273.037978,80234.037978,80273.037978,39.0,39,61.375
3068,79310.037978,79310.037978,80278.037978,79310.037978,80278.037978,968.0,968,63.53409090909091
3101,79984.037978,79984.037978,80335.037978,79984.037978,80335.037978,351.0,351,62.935483870967744
3094,79821.037978,79821.037978,80368.037978,79821.037978,80368.037978,547.0,547,63.234042553191486
3106,80128.037978,80128.037978,80375.037978,80128.037978,80375.037978,247.0,247,61.92307692307692
3112,80276.037978,80276.037978,80419.704645,80276.037978,80419.704645,421.12291666666664,431,62.53333333333333
3078,79501.037978,79501.037978,80424.037978,79501.037978,80424.037978,923.0,923,63.883720930232556
3086,79598.037978,79598.037978,80456.037978,79598.037978,80456.037978,858.0,858,63.8875
3104,80075.037978,80075.037978,80473.037978,80075.037978,80473.037978,398.0,398,62.951219512195124
3097,79892.037978,79892.037978,80495.037978,79892.037978,80495.037978,603.0,603,63.6551724137931
3087,79620.037978,79620.037978,80498.037978,79620.037978,80498.037978,878.0,878,63.87951807228916
2848,73897.037978,73897.037978,80530.037978,73897.037978,80530.037978,6633.0,6633,57.508317929759706
3090,79752.037978,79752.037978,80548.037978,79752.037978,80548.037978,796.0,796,63.67567567567568
3121,80413.037978,80413.037978,80558.037978,80413.037978,80558.037978,149.02777777777777,145,65.77777777777777
3113,80319.037978,80319.037978,80627.037978,80319.037978,80627.037978,310.857421875,308,64.59375
3123,80436.037978,80436.037978,80658.037978,80436.037978,80658.037978,228.9375,222,66.0
3009,77881.037978,77881.037978,80713.037978,77881.037978,80713.037978,2832.0,2832,62.79497907949791
2795,72500.037978,72561.037978,80801.537978,72506.037978,80255.037978,7749.0,7749,57.56437125748503
3095,79866.037978,79866.037978,80845.037978,79866.037978,80845.037978,985.7157012195122,979,64.4390243902439
3129,80546.037978,80546.037978,80846.037978,80546.037978,80846.037978,314.0625,300,67.0
3098,79905.037978,79905.037978,80854.037978,79905.037978,80854.037978,958.0415396341464,949,64.60975609756098
3132,80695.037978,80695.037978,80867.037978,80695.037978,80867.037978,181.98214285714283,172,67.71428571428571
2798,72582.037978,72582.037978,80870.537978,72582.037978,80336.037978,7754.0,7754,57.812778603268946
2918,75607.037978,75607.037978,80871.037978,75607.037978,80871.037978,5264.0,5264,59.67741935483871
3110,80249.037978,80249.037978,80895.037978,80249.037978,80895.037978,662.1820436507937,646,65.60317460317461
3100,79977.037978,79977.037978,80921.037978,79977.037978,80921.037978,961.9346590909092,944,65.2159090909091
3116,80362.037978,80362.037978,80969.037978,80362.037978,80969.037978,634.267578125,607,66.875
3076,79476.037978,79476.037978,80973.037978,79476.037978,80972.287978,6095.3349820143885,5985,65.17985611510791
3147,80922.037978,80922.037978,80980.037978,80922.037978,80980.037978,64.34375,58,71.0
3119,80400.037978,80400.037978,80999.037978,80400.037978,80999.037978,634.3752648305085,599,67.77966101694915
3117,80365.037978,80365.037978,81022.037978,80365.037978,81022.037978,694.5879807692307,657,67.66153846153846
3114,80339.037978,80339.037978,81043.037978,80339.037978,81043.037978,742.657142857143,704,67.51428571428572
3151,80989.037978,80989.037978,81054.287978,80989.037978,81054.287978,295.154296875,261,72.375
3148,80970.037978,80970.037978,81058.037978,80970.037978,81058.037978,295.82142857142856,264,71.71428571428571
3130,80613.037978,80613.037978,81095.037978,80613.037978,81095.037978,1048.9524999999999,964,69.64
3149,80970.037978,80970.037978,81095.837978,80970.037978,81095.837978,707.1077302631579,629,71.94736842105263
3115,80346.037978,80346.037978,81130.037978,80346.037978,81130.037978,837.2345679012346,784,68.34567901234568
2704,70176.037978,70176.037978,81133.004645,70176.037978,79097.037978,8921.0,8921,58.12694877505568
3137,80807.037978,80807.037978,81144.037978,80807.037978,81144.037978,374.1954787234042,337,71.06382978723404
3142,80867.037978,80867.037978,81178.037978,80867.037978,81178.037978,349.64360119047615,311,71.95238095238095
3144,80874.037978,80874.037978,81185.037978,80874.037978,81185.037978,350.9963942307692,311,72.23076923076923
3145,80890.037978,80890.037978,81228.037978,80890.037978,81228.037978,383.51934523809524,338,72.61904761904762
3158,81076.037978,81076.037978,81236.037978,81076.037978,81236.037978,186.1904761904762,160,74.47619047619048
3155,81065.037978,81065.037978,81237.037978,81065.037978,81237.037978,199.19750000000002,172,74.12
3164,81153.037978,81153.037978,81237.437978,81153.037978,81237.437978,498.3776041666667,422,75.58333333333333
3122,80427.037978,80427.037978,81259.037978,80427.037978,81259.037978,913.6931818181818,832,70.2840909090909
2948,76425.037978,76425.037978,81260.837978,76425.037978,81060.537978,8945.916519953053,9271,61.755868544600936
3170,81255.037978,81255.037978,81271.371311,81255.037978,81271.371311,56.84765625,49,74.25
3125,80481.037978,80481.037978,81274.037978,80481.037978,81274.037978,875.4120639534883,793,70.65116279069767
3124,80453.037978,80453.037978,81280.037978,80453.037978,81280.037978,911.1357638888887,827,70.5111111111111
3140,80867.037978,80867.037978,81305.037978,80867.037978,81305.037978,495.82968750000003,438,72.45
3118,80372.037978,80372.037978,81322.037978,80372.037978,81322.037978,1038.1893382352941,950,69.94117647058823
3146,80901.037978,80901.037978,81339.037978,80901.037978,81339.037978,497.7272727272728,438,72.72727272727273
3153,81004.037978,81004.037978,81353.037978,81004.037978,81353.037978,398.69779829545456,349,73.11363636363636
3162,81139.037978,81139.037978,81363.037978,81139.037978,81363.037978,256.375,224,73.25
3089,79657.037978,79657.037978,81398.037978,79657.037978,81398.037978,1834.8427329881658,1741,67.44970414201184
3134,80771.037978,80771.037978,81404.037978,80771.037978,81404.037978,706.1417824074074,633,71.39506172839506
2818,72879.037978,73129.037978,81434.207978,72943.037978,81113.037978,8170.0,8170,59.17963224893918
3138,80815.037978,80815.037978,81438.037978,80815.037978,81438.037978,695.3994140625,623,71.4375
3131,80626.037978,80626.037978,81441.037978,80626.037978,81441.037978,901.7875339673913,815,70.81521739130434
3152,80997.037978,80997.037978,81505.037978,80997.037978,81505.037978,569.5481557377049,508,71.75409836065573
3109,80244.037978,80244.037978,81527.037978,80244.037978,81527.037978,6885.885229316547,6415,68.6978417266187
3182,81522.037978,81522.037978,81556.787978,81522.037978,81556.787978,153.66015625,139,70.75
3159,81096.037978,81096.037978,81587.037978,81096.037978,81587.037978,548.1903409090909,491,71.45454545454545
3183,81529.037978,81529.037978,81618.037978,81529.037978,81618.037978,200.25,178,72.0
3174,81400.037978,81400.037978,81627.037978,81400.037978,81627.037978,247.73557692307688,227,69.84615384615384
3166,81205.037978,81205.037978,81628.037978,81205.037978,81628.037978,469.794375,423,71.08
3169,81233.037978,81233.037978,81666.871311,81233.037978,81666.871311,2878.3824869791665,2603,70.77083333333333
3157,81072.037978,81072.037978,81685.037978,81072.037978,81685.037978,687.7363556338028,613,71.80281690140845
3189,81605.037978,81605.037978,81686.037978,81605.037978,81686.037978,92.89687500000001,81,73.4
3181,81508.037978,81508.037978,81693.037978,81508.037978,81693.037978,208.72721354166663,185,72.20833333333333
3154,81030.037978,81030.037978,81705.037978,81030.037978,81705.037978,757.8315548780488,675,71.85365853658537
3143,80867.037978,80867.037978,81730.037978,80867.037978,81730.037978,966.4238470873785,863,71.66990291262135
3191,81671.037978,81671.037978,81733.037978,81671.037978,81733.037978,70.525,62,72.8
3195,81746.037978,81746.037978,81795.037978,81746.037978,81795.037978,55.278125,49,72.2
3084,79586.037978,79586.037978,81805.037978,79586.037978,81805.037978,2363.41455078125,2219,68.16517857142857
3141,80867.037978,80867.037978,81809.037978,80867.037978,81809.037978,1054.409568584071,942,71.63716814159292
3171,81314.037978,81314.037978,81821.037978,81314.037978,81821.037978,559.8605113636364,507,70.67272727272727
3160,81117.037978,81117.037978,81825.037978,81117.037978,81825.037978,794.3414634146342,708,71.8048780487805
3180,81486.037978,81486.037978,81830.037978,81486.037978,81830.037978,386.31089743589746,344,71.87179487179488
3184,81575.037978,81575.037978,81847.037978,81575.037978,81847.037978,306.64393939393943,272,72.15151515151516
3198,81760.037978,81760.037978,81905.037978,81760.037978,81905.037978,159.62357954545453,145,70.45454545454545
3167,81218.037978,81218.037978,81923.037978,81218.037978,81923.037978,783.7037417763157,705,71.14473684210526
3177,81445.037978,81445.037978,81933.037978,81445.037978,81933.037978,541.375,488,71.0
3190,81653.037978,81653.037978,81954.037978,81653.037978,81954.037978,333.921875,301,71.0
3178,81463.037978,81463.037978,82019.037978,81463.037978,82019.037978,615.4497549019608,556,70.84313725490196
3200,81872.037978,81872.037978,82031.037978,81872.037978,82031.037978,167.55729166666666,159,67.44444444444444
3202,82008.037978,82008.037978,82032.037978,82008.037978,82032.037978,49.6875,48,66.25
3205,82051.037978,82051.037978,82100.371311,82051.037978,82100.371311,157.7125,148,68.2
3165,81172.037978,81172.037978,82107.037978,81172.037978,82107.037978,1032.0370065789475,935,70.6421052631579
3175,81410.037978,81410.037978,82110.037978,81410.037978,82110.037978,764.4990808823529,700,69.8970588235294
2856,74086.037978,74086.037978,82216.287978,74086.037978,82150.037978,8064.0,8064,60.70995670995671
3173,81384.037978,81384.037978,82219.037978,81384.037978,82219.037978,909.6013621794872,835,69.71794871794872
3172,81332.037978,81332.037978,82241.037978,81332.037978,82241.037978,989.8742647058823,909,69.69411764705882
3207,82061.037978,82061.037978,82260.037978,82061.037978,82260.037978,215.9072265625,199,69.4375
3163,81146.037978,81146.037978,82270.037978,81146.037978,82270.037978,3718.0287162162163,3372,70.56756756756756
3199,81853.037978,81853.037978,82291.037978,81853.037978,82291.037978,468.60677083333337,438,68.47222222222223
3217,82284.037978,82284.037978,82319.037978,82284.037978,82319.037978,38.96484375,35,71.25
3208,82073.037978,82073.037978,82338.037978,82073.037978,82338.037978,289.46732954545456,265,69.9090909090909
3185,81582.037978,81582.037978,82352.037978,81582.037978,82352.037978,844.6940104166666,770,70.20833333333333
3188,81605.037978,81605.037978,82369.037978,81605.037978,82369.037978,837.0090579710144,764,70.1159420289855
3187,81605.037978,81605.037978,82374.037978,81605.037978,82374.037978,842.245933219178,769,70.0958904109589
3223,82406.037978,82406.037978,82421.037978,82406.037978,82421.037978,83.59374999999999,75,71.33333333333333
3179,81467.037978,81467.037978,82424.037978,81467.037978,82424.037978,1048.7125,957,70.13333333333334
3224,82413.037978,82413.037978,82458.037978,82413.037978,82458.037978,50.15624999999999,45,71.33333333333333
3194,81690.037978,81690.037978,82488.037978,81690.037978,82488.037978,868.5374999999999,798,69.65714285714286
3209,82114.037978,82114.037978,82491.037978,82114.037978,82491.037978,413.52187499999997,377,70.2
3186,81604.037978,81604.037978,82533.037978,81604.037978,82533.037978,1019.2638290229885,929,70.2183908045977
3193,81688.037978,81688.037978,82562.037978,81688.037978,82562.037978,952.9224837662338,874,69.77922077922078
3069,79312.037978,79312.037978,82600.037978,79312.037978,82600.037978,3492.845541401274,3288,67.98726114649682
3216,82262.037978,82262.037978,82630.237978,82262.037978,82630.237978,2036.60625,1841,70.8
3192,81671.037978,81671.037978,82669.037978,81671.037978,82669.037978,1093.8661221590908,998,70.14772727272727
2953,76576.037978,76576.037978,82684.037978,76576.037978,82684.037978,6108.0,6108,63.84335154826958
2933,75940.037978,75940.037978,82686.037978,75940.037978,82660.037978,6720.0,6720,63.2927241962775
3213,82225.037978,82225.037978,82697.037978,82225.037978,82697.037978,523.1333333333333,472,70.93333333333334
3222,82404.037978,82404.037978,82706.704645,82404.037978,82706.704645,1014.6350806451612,908,71.51612903225806
3227,82470.037978,82470.037978,82775.037978,82470.037978,82775.037978,342.3625,305,71.84
3203,82037.037978,82037.037978,82779.037978,82037.037978,82779.037978,816.0615671641791,742,70.38805970149254
2855,74063.037978,74063.037978,82786.487978,74063.037978,82611.037978,8548.0,8548,61.43716577540107
3218,82284.037978,82284.037978,82794.037978,82284.037978,82794.037978,567.1376329787234,510,71.17021276595744
2904,75344.037978,75344.037978,82802.737978,75344.037978,82643.037978,7299.0,7299,62.67732115677321
3201,81928.037978,81928.037978,82819.037978,81928.037978,82819.037978,975.21875,891,70.04938271604938
3220,82369.037978,82369.037978,82826.037978,82369.037978,82826.037978,508.25381944444445,457,71.17777777777778
2901,75256.037978,75256.037978,82882.737978,75256.037978,82686.037978,7430.0,7430,62.68554396423249
3226,82442.037978,82442.037978,82918.037978,82442.037978,82918.037978,531.1758720930233,476,71.4186046511628
3210,82123.037978,82123.037978,82948.037978,82123.037978,82948.037978,914.1891891891892,825,70.91891891891892
3247,82915.037978,82915.037978,82986.204645,82915.037978,82986.204645,487.880859375,427,73.125
3219,82343.037978,82343.037978,83028.037978,82343.037978,83028.037978,763.3744959677421,685,71.3225806451613
3206,82059.037978,82059.037978,83082.037978,82059.037978,83082.037978,1133.619140625,1023,70.92045454545455
3249,82955.037978,82955.037978,83083.037978,82955.037978,83083.037978,147.25,128,73.625
3245,82876.037978,82876.037978,83122.037978,82876.037978,83122.037978,280.1666666666667,246,72.88888888888889
3234,82623.037978,82623.037978,83136.037978,82623.037978,83136.037978,577.6842296511628,513,72.06976744186046
3229,82537.037978,82537.037978,83138.037978,82537.037978,83138.037978,675.7567401960785,601,71.96078431372548
3250,82969.037978,82969.037978,83167.704645,82969.037978,83167.704645,681.9615384615385,596,73.23076923076923
3232,82607.037978,82607.037978,83172.037978,82607.037978,83172.037978,635.4410807291667,565,71.97916666666667
3233,82623.037978,82623.037978,83176.037978,82623.037978,83176.037978,621.2433035714284,553,71.89795918367346
2988,77422.037978,77422.037978,83234.037978,77422.037978,83234.037978,6012.6523809523815,5812,66.20952380952382
3237,82700.037978,82700.037978,83291.037978,82700.037978,83291.037978,664.875,591,72.0
3256,83208.037978,83208.037978,83294.037978,83208.037978,83294.037978,98.33806818181819,86,73.18181818181819
3248,82929.037978,82929.037978,83322.037978,82929.037978,83322.037978,447.30615234375,393,72.84375
3242,82813.037978,82813.037978,83325.037978,82813.037978,83325.037978,579.3488372093024,512,72.4186046511628
3243,82854.037978,82854.037978,83337.037978,82854.037978,83337.037978,547.7926829268292,483,72.58536585365853
3228,82506.037978,82506.037978,83352.037978,82506.037978,83352.037978,953.017551369863,846,72.0958904109589
3221,82373.037978,82373.037978,83360.037978,82373.037978,83360.037978,1108.4251077586205,987,71.8735632183908
3257,83209.037978,83209.037978,83364.837978,83209.037978,83364.837978,889.8993055555555,779,73.11111111111111
3255,83175.037978,83175.037978,83415.037978,83175.037978,83415.037978,271.46739130434787,240,72.3913043478261
3260,83228.037978,83228.037978,83444.037978,83228.037978,83444.037978,245.89285714285714,216,72.85714285714286
2881,74633.037978,74633.037978,83476.487978,74633.037978,83113.037978,8480.0,8480,62.93472584856397
3261,83230.037978,83230.037978,83532.037978,83230.037978,83532.037978,344.09125,302,72.92
3263,83278.037978,83278.037978,83546.037978,83278.037978,83546.037978,305.6875,268,73.0
3204,82051.037978,82051.037978,83618.037978,82051.037978,83618.037978,1755.5817819148938,1567,71.70212765957447
3246,82905.037978,82905.037978,83621.037978,82905.037978,83621.037978,820.7080078125,716,73.359375
3241,82812.037978,82812.037978,83649.037978,82812.037978,83649.037978,955.9571917808219,837,73.0958904109589
3264,83300.037978,83300.037978,83667.037978,83300.037978,83667.037978,426.6027462121212,367,74.39393939393939
2965,76869.037978,76869.037978,83670.037978,76869.037978,83670.037978,6969.5592672413795,6801,65.58620689655173
3254,83107.037978,83107.037978,83691.037978,83107.037978,83691.037978,673.2222222222222,584,73.77777777777777
2947,76413.037978,76413.037978,83729.037978,76413.037978,83729.037978,7431.369318181817,7316,65.00924499229583
3251,82972.037978,82972.037978,83749.037978,82972.037978,83749.037978,896.319580078125,777,73.828125
2824,72916.037978,73542.237978,83779.937978,73126.037978,82727.037978,9601.0,9601,62.02533039647577
3258,83211.037978,83211.037978,83781.037978,83211.037978,83781.037978,662.98125,570,74.44
3133,80746.037978,80746.037978,83804.037978,80746.037978,83804.037978,3415.152777777778,3058,71.47474747474747
3285,83786.037978,83786.037978,83874.037978,83786.037978,83874.037978,102.66666666666667,88,74.66666666666667
3252,83029.037978,83029.037978,83898.037978,83029.037978,83898.037978,1002.4198369565216,869,73.82608695652173
2938,76186.037978,76186.037978,83914.554645,76186.037978,83788.037978,7704.5122422680415,7602,64.86303387334316
3135,80785.037978,80785.037978,83935.037978,80785.037978,83935.037978,3520.6171875,3150,71.53
3275,83539.037978,83539.037978,83979.037978,83539.037978,83979.037978,519.6551724137931,440,75.58620689655173
3111,80271.037978,80271.037978,84007.037978,80271.037978,84007.037978,4124.101224783862,3736,70.64841498559078
2928,75810.037978,76064.037978,84043.537978,75873.037978,83652.037978,7861.172535211269,7779,64.67605633802818
3272,83490.037978,83490.037978,84047.037978,83490.037978,84047.037978,650.5028044871794,557,74.74358974358974
3287,83996.037978,83996.037978,84057.037978,83996.037978,84057.037978,68.029296875,61,71.375
3280,83587.037978,83587.037978,84058.037978,83587.037978,84058.037978,546.20361328125,471,74.21875
3276,83551.037978,83551.037978,84109.037978,83551.037978,84109.037978,646.3052884615383,558,74.12820512820512
3283,83763.037978,83763.037978,84279.037978,83763.037978,84279.037978,580.7780172413792,516,72.03448275862068
3286,83930.037978,83930.037978,84306.037978,83930.037978,84306.037978,419.79545454545456,376,71.45454545454545
3267,83415.037978,83415.037978,84405.037978,83415.037978,84405.037978,1140.1965725806451,990,73.70967741935483
3284,83783.037978,83783.037978,84465.037978,83783.037978,84465.037978,774.0581597222222,682,72.63888888888889
3271,83469.037978,83469.037978,84467.037978,83469.037978,84467.037978,1155.670138888889,998,74.11111111111111
3302,84436.037978,84436.037978,84481.037978,84436.037978,84481.037978,54.14062499999999,45,77.0
3279,83586.037978,83586.037978,84499.037978,83586.037978,84499.037978,1057.948939732143,913,74.16071428571429
2985,77320.037978,77320.037978,84501.537978,77320.037978,84417.037978,7436.446543408361,7097,67.06109324758843
3300,84409.037978,84409.037978,84502.037978,84409.037978,84502.037978,110.55859374999999,93,76.08333333333333
3007,77811.037978,77811.037978,84530.537978,77811.037978,84435.037978,7025.771404109589,6624,67.8818493150685
3262,83256.037978,83256.037978,84587.037978,83256.037978,84587.037978,1538.96875,1331,74.0
3294,84168.037978,84168.037978,84589.037978,84168.037978,84589.037978,493.5862068965517,421,75.03448275862068
3296,84251.037978,84251.037978,84597.037978,84251.037978,84597.037978,407.5193965517241,346,75.37931034482759
3288,83996.037978,83996.037978,84696.037978,83996.037978,84696.037978,811.9348404255319,700,74.23404255319149
3282,83727.037978,83727.037978,84700.037978,83727.037978,84700.037978,1126.218994140625,973,74.078125
3291,84082.037978,84082.037978,84783.037978,84082.037978,84783.037978,832.8845663265306,701,76.04081632653062
2944,76341.037978,76342.037978,84794.237978,76342.037978,84539.037978,8436.313099315068,8197,65.86849315068493
3304,84483.037978,84483.037978,84805.037978,84483.037978,84805.037978,393.8525390625,322,78.28125
3156,81065.037978,81065.037978,84848.437978,81065.037978,84844.037978,4285.503010321101,3779,72.57798165137615
3311,84591.037978,84591.037978,84860.037978,84591.037978,84860.037978,1361.1119791666667,1076,80.95833333333333
3317,84737.037978,84737.037978,84870.037978,84737.037978,84870.037978,172.8740234375,133,83.1875
3161,81124.037978,81124.037978,84906.437978,81124.037978,84898.037978,4290.203365384616,3774,72.75384615384615
3318,84745.037978,84745.037978,84927.037978,84745.037978,84927.037978,237.59531249999998,182,83.55
3326,84855.037978,84855.037978,84937.037978,84855.037978,84937.037978,107.88125000000001,82,84.2
3289,83996.037978,83996.037978,84939.037978,83996.037978,84939.037978,1141.005779109589,943,77.43835616438356
3308,84571.037978,84571.037978,84967.037978,84571.037978,84967.037978,502.5796875,396,81.225
3322,84769.037978,84769.037978,84983.037978,84769.037978,84983.037978,280.875,214,84.0
3295,84217.037978,84217.037978,84986.037978,84217.037978,84986.037978,950.3267045454545,769,79.0909090909091
3321,84765.037978,84765.037978,84992.037978,84765.037978,84992.037978,297.3918269230769,227,83.84615384615384
3278,83571.037978,83571.037978,84993.037978,83571.037978,84993.037978,1715.8273948598132,1422,77.22429906542057
3211,82174.037978,82174.037978,85010.037978,82174.037978,85010.037978,3297.3713235294117,2836,74.41176470588235
3225,82426.037978,82426.037978,85013.037978,82426.037978,85013.037978,3031.449955778302,2587,74.99528301886792
3320,84760.037978,84760.037978,85036.037978,84760.037978,85036.037978,359.4947916666667,276,83.36111111111111
2995,77565.037978,77565.037978,85044.487978,77565.037978,84752.037978,7714.506500567322,7187,68.69742813918306
3328,84916.037978,84916.037978,85055.037978,84916.037978,85055.037978,180.07676630434784,139,82.91304347826087
3293,84126.037978,84126.037978,85063.037978,84126.037978,85063.037978,1161.3088348765432,937,79.32098765432099
3298,84341.037978,84341.037978,85066.037978,84341.037978,85066.037978,905.7968749999999,725,79.96
3316,84728.037978,84728.037978,85102.037978,84728.037978,85102.037978,482.9534722222222,374,82.64444444444445
3335,84997.037978,84997.037978,85117.037978,84997.037978,85117.037978,152.34375,120,81.25
3093,79800.037978,79800.037978,85123.487978,79800.037978,84985.037978,5804.081662735849,5185,71.64150943396227
3319,84751.037978,84751.037978,85145.037978,84751.037978,85145.037978,505.9913563829787,394,82.19148936170212
3301,84418.037978,84418.037978,85235.037978,84418.037978,85235.037978,1019.8138671875001,817,79.8875
3340,85152.037978,85152.037978,85250.037978,85152.037978,85250.037978,118.51875000000001,98,77.4
3331,84941.037978,84941.037978,85292.037978,84941.037978,85292.037978,438.92138671875,351,80.03125
3313,84682.037978,84682.037978,85294.037978,84682.037978,85294.037978,775.1696428571428,612,81.06349206349206
3334,84996.037978,84996.037978,85327.037978,84996.037978,85327.037978,408.1950231481481,331,78.92592592592592
3307,84550.037978,84550.037978,85327.037978,84550.037978,85327.037978,974.8112500000001,777,80.29333333333334
3309,84578.037978,84578.037978,85357.037978,84578.037978,85357.037978,976.7534496753246,779,80.24675324675324
3346,85347.037978,85347.037978,85391.037978,85347.037978,85391.037978,159.63750000000002,132,77.4
2922,75642.037978,75767.037978,85395.171311,75683.537978,84078.537978,8710.568352340935,8395,66.40576230492196
3127,80506.037978,80506.037978,85459.621311,80506.037978,85247.037978,5417.7045194508,4741,73.13501144164759
3349,85421.037978,85421.037978,85505.537978,85421.037978,85505.537978,411.9375,338,78.0
3333,84994.037978,84994.037978,85514.037978,84994.037978,85514.037978,636.7732558139535,520,78.37209302325581
3329,84923.037978,84923.037978,85534.037978,84923.037978,85534.037978,758.2228618421052,611,79.42105263157895
3337,85023.037978,85023.037978,85544.037978,85023.037978,85544.037978,632.730078125,521,77.725
3325,84836.037978,84836.037978,85578.037978,84836.037978,85578.037978,925.315670289855,742,79.81159420289855
3338,85128.037978,85128.037978,85636.037978,85128.037978,85636.037978,612.6891891891893,508,77.1891891891892
3324,84810.037978,84810.037978,85645.037978,84810.037978,85645.037978,1040.4447916666668,835,79.74666666666667
2977,77201.037978,77201.037978,85692.804645,77201.037978,84887.037978,8240.803873477673,7686,68.61975642760487
3327,84888.037978,84888.037978,85719.037978,84888.037978,85719.037978,1030.2123287671234,831,79.34246575342466
3359,85651.037978,85651.037978,85752.037978,85651.037978,85752.037978,124.89732142857142,101,79.14285714285714
3339,85136.037978,85136.037978,85803.037978,85136.037978,85803.037978,809.3583776595744,667,77.65957446808511
3348,85359.037978,85359.037978,85812.037978,85359.037978,85812.037978,553.64208984375,453,78.21875
3356,85634.037978,85634.037978,85819.037978,85634.037978,85819.037978,228.1893382352941,185,78.94117647058823
3355,85573.037978,85573.037978,85824.037978,85573.037978,85824.037978,308.84765625,251,78.75
3312,84673.037978,84673.037978,85856.037978,84673.037978,85856.037978,1473.8321387614678,1183,79.73394495412845
3351,85454.037978,85454.037978,85878.037978,85454.037978,85878.037978,519.8676470588235,424,78.47058823529412
3343,85286.037978,85286.037978,85888.037978,85286.037978,85888.037978,733.31125,602,77.96
3362,85746.037978,85746.037978,85899.037978,85746.037978,85899.037978,188.540625,153,78.86666666666666
3345,85346.037978,85346.037978,85950.037978,85346.037978,85950.037978,736.3257978723404,604,78.02127659574468
2980,77215.037978,77215.037978,85973.987978,77215.037978,84913.037978,8294.480597754293,7698,68.95904887714663
3336,85002.037978,85002.037978,85976.037978,85002.037978,85976.037978,1189.0136217948718,974,78.12820512820512
3367,85835.037978,85835.037978,86027.037978,85835.037978,86027.037978,236.25,192,78.75
3374,85989.037978,85989.037978,86052.037978,85989.037978,86052.037978,80.578125,63,81.85714285714286
3372,85981.037978,85981.037978,86055.037978,85981.037978,86055.037978,93.65625,74,81.0
3341,85173.037978,85173.037978,86059.037978,85173.037978,86059.037978,1083.9282094594594,886,78.29729729729729
3370,85974.037978,85974.037978,86067.037978,85974.037978,86067.037978,116.70410156249999,93,80.3125
3373,85983.037978,85983.037978,86088.037978,85983.037978,86088.037978,133.39543269230768,105,81.3076923076923
3364,85811.037978,85811.037978,86097.037978,85811.037978,86097.037978,353.97916666666674,286,79.21212121212122
3354,85551.037978,85551.037978,86177.037978,85551.037978,86177.037978,772.71875,626,79.0
3365,85832.037978,85832.037978,86182.037978,85832.037978,86182.037978,433.6397058823529,350,79.29411764705883
3353,85524.037978,85524.037978,86236.037978,85524.037978,86236.037978,878.1207627118644,712,78.9322033898305
3366,85833.037978,85833.037978,86247.037978,85833.037978,86247.037978,513.0642857142858,414,79.31428571428572
3376,85997.037978,85997.037978,86256.037978,85997.037978,86256.037978,325.57109375000005,259,80.45
3150,80987.037978,81058.037978,86296.837978,81043.037978,86099.037978,5878.109677419355,5056,74.40645161290323
3350,85428.037978,85428.037978,86303.037978,85428.037978,86303.037978,1077.2688356164383,875,78.79452054794521
3377,85999.037978,85999.037978,86336.037978,85999.037978,86336.037978,421.0619419642857,337,79.96428571428571
3378,86009.037978,86009.037978,86344.037978,86009.037978,86344.037978,418.75,335,80.0
3357,85635.037978,85635.037978,86375.037978,85635.037978,86375.037978,917.5088028169014,740,79.35211267605634
3136,80785.037978,80785.037978,86389.087978,80785.037978,85932.037978,5977.5473400297615,5147,74.32738095238095
3273,83536.037978,83536.037978,86392.671311,83536.037978,86244.704645,9797.288532838984,8034,78.04661016949153
3384,86257.037978,86257.037978,86425.037978,86257.037978,86425.037978,212.0,168,80.76190476190476
3393,86355.037978,86355.037978,86433.704645,86355.037978,86433.704645,304.5875,236,82.6
3395,86401.037978,86401.037978,86484.037978,86401.037978,86484.037978,106.89955357142857,83,82.42857142857143
3387,86310.037978,86310.037978,86554.037978,86310.037978,86554.037978,939.2475000000001,732,82.12
3380,86124.037978,86124.037978,86632.037978,86124.037978,86632.037978,645.2053571428571,508,81.28571428571429
3400,86494.037978,86494.037978,86633.037978,86494.037978,86633.037978,741.6953125,556,85.375
3368,85925.037978,85925.037978,86664.037978,85925.037978,86664.037978,933.1974431818181,739,80.81818181818181
3385,86262.037978,86262.037978,86669.537978,86262.037978,86669.537978,1048.5848214285713,815,82.34285714285714
3375,85992.037978,85992.037978,86704.037978,85992.037978,86704.037978,908.35625,712,81.65
3386,86292.037978,86292.037978,86717.037978,86292.037978,86717.037978,549.1286057692308,425,82.6923076923077
3398,86467.037978,86467.037978,86770.037978,86467.037978,86770.037978,399.81796875,303,84.45
3402,86540.037978,86540.037978,86772.037978,86540.037978,86772.037978,615.8235294117646,464,84.94117647058823
3389,86319.037978,86319.037978,86772.037978,86319.037978,86772.037978,590.2067307692308,453,83.38461538461539
3383,86255.037978,86255.037978,86820.037978,86255.037978,86820.037978,727.8698979591836,565,82.44897959183673
3381,86148.037978,86148.037978,86820.837978,86148.037978,86820.837978,4316.6953125,3364,82.125
3128,80507.037978,80507.037978,86848.054645,80507.037978,86251.037978,6702.419237749546,5744,74.67876588021778
3394,86369.037978,86369.037978,86978.037978,86369.037978,86978.037978,796.8782703488372,609,83.74418604651163
3397,86428.037978,86428.037978,86997.037978,86428.037978,86997.037978,748.6362179487179,569,84.2051282051282
3413,86891.037978,86891.037978,86999.237978,86891.037978,86999.237978,726.96875,541,86.0
3306,84536.037978,84536.037978,87073.037978,84536.037978,87073.037978,3189.403183411215,2537,80.45794392523365
3391,86338.037978,86338.037978,87082.037978,86338.037978,87082.037978,975.183962264151,744,83.88679245283019
3406,86686.037978,86686.037978,87086.037978,86686.037978,87086.037978,527.7777777777777,400,84.44444444444444
3269,83436.037978,83436.037978,87093.037978,83436.037978,87093.037978,4508.986422413793,3657,78.9103448275862
3107,80136.037978,80136.037978,87108.257978,80136.037978,86362.037978,7219.486768945634,6226,74.21252059308073
3236,82699.037978,82699.037978,87116.037978,82699.037978,87116.037978,5362.146752450981,4417,77.69467787114846
3401,86532.037978,86532.037978,87120.037978,86532.037978,87120.037978,774.8124999999999,588,84.33333333333333
3396,86422.037978,86422.037978,87147.037978,86422.037978,87147.037978,951.1182598039215,725,83.96078431372548
3392,86346.037978,86346.037978,87157.037978,86346.037978,87157.037978,1059.5799479166667,811,83.61666666666666
3407,86712.037978,86712.037978,87183.037978,86712.037978,87183.037978,614.7242647058823,471,83.52941176470588
3388,86315.037978,86315.037978,87213.037978,86315.037978,87213.037978,1165.3842429577464,898,83.05633802816901
3422,87199.037978,87199.037978,87272.037978,87199.037978,87272.037978,94.76692708333333,73,83.08333333333333
3404,86630.037978,86630.037978,87288.037978,86630.037978,87288.037978,861.1433189655173,658,83.75862068965517
3390,86338.037978,86338.037978,87299.037978,86338.037978,87299.037978,1254.0827546296298,961,83.51851851851852
2983,77286.037978,77286.037978,87319.437978,77286.037978,85413.037978,9003.338146551725,8127,70.90114942528736
3423,87206.037978,87206.037978,87324.037978,87206.037978,87324.037978,784.6180555555555,590,85.11111111111111
3411,86863.037978,86863.037978,87325.037978,86863.037978,87325.037978,606.2109375,462,83.97727272727273
3409,86770.037978,86770.037978,87334.037978,86770.037978,87334.037978,739.4186320754716,564,83.90566037735849
3415,86935.037978,86935.037978,87336.037978,86935.037978,87336.037978,527.6239098837209,401,84.20930232558139
3399,86487.037978,86487.037978,87356.037978,86487.037978,87356.037978,1142.0304054054054,869,84.10810810810811
3408,86728.037978,86728.037978,87381.037978,86728.037978,87381.037978,856.8924479166667,653,83.98333333333333
3428,87234.037978,87234.037978,87432.037978,87234.037978,87432.037978,266.33152173913044,198,86.08695652173913
3431,87265.037978,87265.037978,87436.371311,87265.037978,87436.371311,692.1477272727274,514,86.18181818181819
3253,83087.037978,83087.037978,87442.037978,83087.037978,87442.037978,5368.786272321428,4355,78.89835164835165
3436,87341.037978,87341.037978,87496.037978,87341.037978,87496.037978,206.20535714285714,155,85.14285714285714
3120,80404.037978,80419.704645,87520.537978,80419.704645,86464.704645,7125.646024084394,6045,75.44108280254777
3403,86597.037978,86597.037978,87531.037978,86597.037978,87531.037978,1231.3691176470588,934,84.37647058823529
3360,85691.037978,85691.037978,87551.037978,85691.037978,87551.037978,2391.5286144578313,1860,82.28915662650603
3168,81224.037978,81666.871311,87572.871311,81280.037978,87178.037978,7046.769545454546,5898,76.46545454545455
3435,87328.037978,87328.037978,87594.037978,87328.037978,87594.037978,356.57758620689657,266,85.79310344827586
3421,87191.037978,87191.037978,87603.037978,87191.037978,87603.037978,549.0808823529412,412,85.29411764705883
3417,86980.037978,86980.037978,87620.037978,86980.037978,87620.037978,848.840579710145,640,84.8840579710145
3420,87155.037978,87155.037978,87623.037978,87155.037978,87623.037978,622.203947368421,468,85.08771929824562
3432,87272.037978,87272.037978,87639.037978,87272.037978,87639.037978,494.88989825581393,367,86.30232558139535
3427,87231.037978,87231.037978,87646.037978,87231.037978,87646.037978,558.953125,415,86.2
3433,87280.037978,87280.037978,87673.037978,87280.037978,87673.037978,529.62890625,393,86.25
3292,84107.037978,84107.037978,87676.037978,84107.037978,87676.037978,4513.767141990291,3569,80.94174757281553
3414,86895.037978,86895.037978,87684.037978,86895.037978,87684.037978,1047.2818287037037,789,84.95061728395062
3443,87478.037978,87478.037978,87689.037978,87478.037978,87689.037978,284.29206730769226,211,86.23076923076923
3330,84935.037978,84935.037978,87694.037978,84935.037978,87694.037978,3522.946215139442,2759,81.7211155378486
3451,87606.037978,87606.037978,87769.037978,87606.037978,87769.037978,215.94819078947367,163,84.78947368421052
3416,86972.037978,86972.037978,87817.037978,86972.037978,87817.037978,1120.5052083333333,845,84.86666666666666
3434,87303.037978,87303.037978,87846.037978,87303.037978,87846.037978,726.3815789473686,543,85.6140350877193
3212,82201.037978,82201.037978,87848.037978,82201.037978,87833.037978,6881.9628865979375,5632,78.2041237113402
3259,83225.037978,83225.037978,87850.037978,83225.037978,87850.037978,5770.611913071067,4625,79.8527918781726
3457,87741.037978,87741.037978,87866.037978,87741.037978,87866.037978,167.61363636363637,125,85.81818181818181
3455,87714.037978,87714.037978,87866.037978,87714.037978,87866.037978,202.2142857142857,152,85.14285714285714
3445,87523.037978,87523.037978,87872.037978,87523.037978,87872.037978,465.37766768292687,349,85.34146341463415
3454,87714.037978,87714.037978,87898.037978,87714.037978,87898.037978,242.86184210526315,184,84.47368421052632
3429,87240.037978,87240.037978,87902.037978,87240.037978,87902.037978,884.8099662162164,662,85.54054054054055
3424,87213.037978,87213.037978,87914.037978,87213.037978,87914.037978,933.8908203125,701,85.2625
3449,87592.037978,87592.037978,87939.037978,87592.037978,87939.037978,459.19110576923083,347,84.6923076923077
3456,87716.037978,87716.037978,87940.037978,87716.037978,87940.037978,293.6818181818182,224,83.9090909090909
3462,87867.037978,87867.037978,87962.037978,87867.037978,87962.037978,120.85286458333334,95,81.41666666666667
3437,87357.037978,87357.037978,88019.037978,87357.037978,88019.037978,874.121829710145,662,84.5072463768116
3463,87871.037978,87871.037978,88022.037978,87871.037978,88022.037978,192.94444444444443,151,81.77777777777777
3458,87756.037978,87756.037978,88036.037978,87756.037978,88036.037978,363.97177419354836,280,83.19354838709677
3467,87974.037978,87974.037978,88070.637978,87974.037978,88070.637978,623.0364583333334,483,82.55555555555556
3426,87231.037978,87231.037978,88144.037978,87231.037978,88144.037978,1207.8719394329898,913,84.6701030927835
3465,87951.037978,87951.037978,88181.037978,87951.037978,88181.037978,295.11029411764713,230,82.11764705882354
3002,77721.037978,77731.437978,88184.037978,77731.437978,85852.437978,9229.333931473455,8121,72.73456121343445
3447,87572.037978,87572.037978,88189.037978,87572.037978,88189.037978,808.5685483870967,617,83.87096774193549
3448,87579.037978,87579.037978,88252.037978,87579.037978,88252.037978,879.9203629032257,673,83.6774193548387
3214,82227.037978,82227.037978,88260.037978,82227.037978,88245.037978,7383.457667151163,6018,78.52131782945736
3459,87763.037978,87763.037978,88280.037978,87763.037978,88280.037978,667.6664244186046,517,82.65116279069767
3460,87775.037978,87775.037978,88281.037978,87775.037978,88281.037978,651.3244047619047,506,82.38095238095238
3438,87399.037978,87399.037978,88306.037978,87399.037978,88306.037978,1188.6034926470588,907,83.87058823529412
3444,87513.037978,87513.037978,88307.037978,87513.037978,88307.037978,1037.0645559210525,794,83.59210526315789
3439,87400.037978,87400.037978,88311.037978,87400.037978,88311.037978,1191.3840843023256,911,83.69767441860465
3461,87837.037978,87837.037978,88326.037978,87837.037978,88326.037978,623.9264914772727,489,81.6590909090909
3450,87592.037978,87592.037978,88327.037978,87592.037978,88327.037978,951.2058423913044,735,82.82608695652173
3453,87676.037978,87676.037978,88337.037978,87676.037978,88337.037978,844.6684895833333,661,81.78333333333333
3442,87462.037978,87462.037978,88361.037978,87462.037978,88361.037978,1164.5839389534885,899,82.90697674418605
3473,88077.037978,88077.037978,88406.037978,88077.037978,88406.037978,401.8627717391305,329,78.17391304347827
3315,84724.037978,85102.037978,88419.600478,84860.037978,86738.037978,9585.157835820895,7512,81.66268656716417
3297,84303.037978,84303.037978,88428.037978,84303.037978,88428.037978,5226.277449324324,4125,81.08648648648649
3441,87449.037978,87449.037978,88443.037978,87449.037978,88443.037978,1276.536569148936,994,82.19148936170212
3446,87563.037978,87563.037978,88481.037978,87563.037978,88481.037978,1170.0872844827586,918,81.57471264367815
3352,85487.037978,85487.037978,88496.037978,85487.037978,88496.037978,3844.270155669145,3009,81.76579925650557
3452,87636.037978,87636.037978,88558.037978,87636.037978,88558.037978,1158.700158227848,922,80.43037974683544
3479,88398.037978,88398.037978,88632.037978,88398.037978,88632.037978,265.44374999999997,234,72.6
3468,87975.037978,87975.037978,88689.037978,87975.037978,88689.037978,860.193359375,714,77.10416666666667
2990,77443.037978,77443.037978,88693.921312,77443.037978,85934.037978,9619.662477587091,8491,72.50717213114754
3231,82579.037978,82579.037978,88728.237978,82579.037978,88721.037978,7554.615449709864,6142,78.71953578336557
3235,82650.037978,82650.037978,88747.037978,82650.037978,88747.037978,7505.703216552734,6097,78.787109375
3471,88019.037978,88019.037978,88750.037978,88019.037978,88750.037978,870.078125,731,76.17647058823529
3469,87993.037978,87993.037978,88797.137978,87993.037978,88788.537978,5586.09375,4675,76.47272727272727
3476,88257.037978,88257.037978,88800.037978,88257.037978,88800.037978,627.2229420731707,543,73.92682926829268
3472,88071.037978,88071.037978,88842.037978,88071.037978,88842.037978,905.5613207547169,771,75.16981132075472
3478,88357.037978,88357.037978,88878.037978,88357.037978,88878.037978,591.9397321428571,521,72.71428571428571
3494,88849.037978,88849.037978,88880.037978,88849.037978,88880.037978,35.19791666666667,31,72.66666666666667
3491,88799.037978,88799.037978,88893.037978,88799.037978,88893.037978,105.75,94,72.0
3464,87921.037978,87921.037978,88893.037978,87921.037978,88893.037978,1157.1233108108108,972,76.1891891891892
3238,82701.037978,82701.037978,88947.204645,82701.037978,88933.037978,7659.730566218811,6232,78.66218809980806
3490,88709.037978,88709.037978,88993.037978,88709.037978,88993.037978,321.8075,284,72.52
3488,88699.037978,88699.037978,89007.037978,88699.037978,89007.037978,349.42187500000006,308,72.60714285714286
3060,79085.037978,79281.371311,89038.504645,79236.037978,87030.037978,9047.875284738042,7794,74.29612756264237
3475,88251.037978,88251.037978,89051.037978,88251.037978,89051.037978,921.9696969696969,800,73.75757575757575
3481,88427.037978,88427.037978,89059.037978,88427.037978,89059.037978,719.4642857142858,632,72.85714285714286
3497,88905.037978,88905.037978,89072.037978,88905.037978,89072.037978,193.09375,167,74.0
3485,88618.037978,88618.037978,89078.037978,88618.037978,89078.037978,525.5042613636364,460,73.11363636363636
3506,89065.037978,89065.037978,89089.437978,89065.037978,89089.437978,142.33333333333334,122,74.66666666666667
3310,84586.037978,84586.037978,89094.037978,84586.037978,89094.037978,5658.128731343283,4508,80.32835820895522
3477,88331.037978,88331.037978,89123.037978,88331.037978,89123.037978,904.8526119402985,792,73.11940298507463
3501,88967.037978,88967.037978,89179.037978,88967.037978,89179.037978,496.345,424,74.92
3500,88963.037978,88963.037978,89187.037978,88963.037978,89187.037978,262.625,224,75.03571428571429
3215,82249.037978,82249.037978,89200.404645,82249.037978,88929.037978,8130.795075125208,6680,77.89983305509182
3503,89016.037978,89016.037978,89240.037978,89016.037978,89240.037978,267.640625,224,76.46875
3480,88420.037978,88420.037978,89246.037978,88420.037978,89246.037978,958.9176136363636,826,74.2987012987013
3323,84795.037978,84795.037978,89247.037978,84795.037978,89247.037978,5583.124224565756,4452,80.26054590570719
3510,89112.037978,89112.037978,89265.037978,89112.037978,89265.037978,187.77272727272728,153,78.54545454545455
3484,88618.037978,88618.037978,89268.037978,88618.037978,89268.037978,760.44921875,650,74.875
3342,85242.037978,85242.037978,89302.037978,85242.037978,89302.037978,5081.39560626703,4060,80.1008174386921
3486,88632.037978,88632.037978,89311.037978,88632.037978,89311.037978,800.9370833333334,679,75.49333333333334
3482,88468.037978,88468.037978,89358.037978,88468.037978,89358.037978,1051.3441051136365,890,75.60227272727273
3520,89208.037978,89208.037978,89365.037978,89208.037978,89365.037978,200.5721726190476,157,81.76190476190476
3524,89283.037978,89283.037978,89402.037978,89283.037978,89402.037978,153.265625,119,82.42857142857143
3526,89288.037978,89288.037978,89425.037978,89288.037978,89425.037978,177.50721153846155,137,82.92307692307692
3532,89379.037978,89379.037978,89475.037978,89379.037978,89475.037978,124.875,96,83.25
3516,89191.037978,89191.037978,89484.037978,89191.037978,89484.037978,372.6003024193548,293,81.38709677419355
3498,88954.037978,88954.037978,89502.037978,88954.037978,89502.037978,670.1494140625,548,78.265625
3499,88955.037978,88955.037978,89519.037978,88955.037978,89519.037978,691.5778846153846,564,78.47692307692307
3511,89128.037978,89128.037978,89520.037978,89128.037978,89520.037978,493.4801136363636,392,80.56818181818181
3533,89485.037978,89485.037978,89522.371311,89485.037978,89522.371311,142.0,112,81.14285714285714
3126,80496.037978,81733.037978,89531.404645,80558.037978,87928.037978,8799.107613073109,7370,76.41016109045849
3529,89324.037978,89324.037978,89537.037978,89324.037978,89537.037978,272.55592105263156,213,81.89473684210526
3425,87227.037978,87227.037978,89548.037978,87227.037978,89548.037978,2900.4547012061407,2321,79.9780701754386
3522,89227.037978,89227.037978,89562.037978,89227.037978,89562.037978,425.29296875,335,81.25
3512,89129.037978,89129.037978,89562.037978,89129.037978,89562.037978,543.415,433,80.32
3502,88990.037978,88990.037978,89562.037978,88990.037978,89562.037978,702.7896126760563,572,78.63380281690141
3270,83468.037978,83468.037978,89565.037978,83468.037978,89565.037978,7563.876143292683,6097,79.39774859287054
3508,89085.037978,89085.037978,89611.037978,89085.037978,89611.037978,649.9335317460317,526,79.07936507936508
3536,89540.037978,89540.037978,89640.037978,89540.037978,89640.037978,118.09895833333333,100,75.58333333333333
3489,88709.037978,88709.037978,89653.037978,88709.037978,89653.037978,1133.4587378640776,944,76.84466019417475
3515,89181.037978,89181.037978,89654.037978,89181.037978,89654.037978,588.2145647321428,473,79.58928571428571
3496,88896.037978,88896.037978,89659.037978,88896.037978,89659.037978,925.435546875,763,77.625
3519,89207.037978,89207.037978,89679.037978,89207.037978,89679.037978,585.2688679245282,472,79.35849056603773
3537,89580.037978,89580.037978,89696.037978,89580.037978,89696.037978,134.27604166666666,116,74.08333333333333
3531,89353.037978,89353.037978,89705.037978,89353.037978,89705.037978,427.9594594594594,352,77.8108108108108
3528,89314.037978,89314.037978,89758.037978,89314.037978,89758.037978,539.8035714285714,444,77.80952380952381
3495,88889.037978,88889.037978,89802.037978,88889.037978,89802.037978,1095.9601031553398,913,76.8252427184466
3538,89600.037978,89600.037978,89803.037978,89600.037978,89803.037978,232.98863636363637,203,73.45454545454545
3493,88829.037978,88829.037978,89815.037978,88829.037978,89815.037978,1179.4802927927929,986,76.55855855855856
3542,89698.037978,89698.037978,89858.037978,89698.037978,89858.037978,182.83333333333334,160,73.13333333333334
3534,89498.037978,89498.037978,89888.037978,89498.037978,89888.037978,458.44840116279073,390,75.23255813953489
3509,89101.037978,89101.037978,89913.037978,89101.037978,89913.037978,983.3541666666667,812,77.50574712643679
3535,89510.037978,89510.037978,89942.037978,89510.037978,89942.037978,505.48295454545456,432,74.88636363636364
3530,89341.037978,89341.037978,89955.037978,89341.037978,89955.037978,733.4256465517242,614,76.44827586206897
3274,83539.037978,83539.037978,89962.437978,83539.037978,89931.037978,7900.432384341638,6392,79.1032028469751
3539,89604.037978,89604.037978,89969.037978,89604.037978,89969.037978,419.68290441176475,365,73.58823529411765
3545,89767.037978,89767.037978,89976.037978,89767.037978,89976.037978,240.83984375,209,73.75
3550,89855.037978,89855.037978,89981.037978,89855.037978,89981.037978,144.62740384615384,126,73.46153846153847
3518,89194.037978,89194.037978,90005.037978,89194.037978,90005.037978,977.0920758928571,811,77.10714285714286
3551,89862.037978,89862.037978,90012.037978,89862.037978,90012.037978,169.7544642857143,150,72.42857142857143
3521,89219.037978,89219.037978,90047.037978,89219.037978,90047.037978,992.1347891566265,828,76.6867469879518
3265,83360.037978,83360.037978,90093.237978,83360.037978,90004.037978,8177.094496587031,6644,78.7679180887372
3517,89194.037978,89194.037978,90120.037978,89194.037978,90120.037978,1104.5505319148936,926,76.34042553191489
3549,89824.037978,89824.037978,90127.037978,89824.037978,90127.037978,338.3257211538462,303,71.46153846153847
3554,89981.037978,89981.037978,90200.037978,89981.037978,90200.037978,238.0341796875,219,69.5625
3555,90035.037978,90035.037978,90207.787978,90035.037978,90207.787978,752.6964285714284,691,69.71428571428571
3560,90129.037978,90129.037978,90242.037978,90129.037978,90242.037978,125.138671875,113,70.875
3092,79790.037978,79790.037978,90278.937979,79790.037978,87909.037978,9547.182302771855,8119,75.25799573560768
3558,90102.037978,90102.037978,90289.037978,90102.037978,90289.037978,206.9052734375,187,70.8125
3268,83434.037978,83434.037978,90346.037978,83434.037978,90217.037978,8326.639534883721,6783,78.56478405315615
3541,89668.037978,89668.037978,90349.037978,89668.037978,90349.037978,764.3215042372882,681,71.83050847457628
3358,85643.037978,85643.037978,90382.037978,85643.037978,90366.037978,5834.043482967668,4723,79.0554272517321
3571,90359.037978,90359.037978,90384.037978,90359.037978,90384.037978,57.552083333333336,50,73.66666666666667
3566,90285.037978,90285.037978,90387.037978,90285.037978,90387.037978,115.9453125,102,72.75
3505,89054.037978,89054.037978,90394.037978,89054.037978,90394.037978,1578.2019927536232,1340,75.3768115942029
3344,85314.037978,85314.037978,90454.037978,85314.037978,90390.037978,6251.960336538462,5076,78.82692307692308
3553,89946.037978,89946.037978,90481.037978,89946.037978,90481.037978,597.8625,535,71.52
3577,90460.037978,90460.037978,90489.371311,90460.037978,90489.371311,103.46875,88,75.25
3556,90062.037978,90062.037978,90495.037978,90062.037978,90495.037978,486.29992378048775,433,71.8780487804878
3564,90229.037978,90229.037978,90526.037978,90229.037978,90526.037978,338.14687499999997,297,72.86666666666666
3572,90397.037978,90397.037978,90540.037978,90397.037978,90540.037978,164.38616071428572,143,73.57142857142857
3559,90111.037978,90111.037978,90564.037978,90111.037978,90564.037978,511.8692835365853,453,72.3170731707317
3576,90436.037978,90436.037978,90586.037978,90436.037978,90586.037978,173.2421875,150,73.91666666666667
3579,90524.037978,90524.037978,90588.037978,90524.037978,90588.037978,72.33333333333333,64,72.33333333333333
3568,90315.037978,90315.037978,90592.037978,90315.037978,90592.037978,315.48939732142856,277,72.89285714285714
3540,89627.037978,89627.037978,90593.037978,89627.037978,90593.037978,1089.6658380681818,966,72.19318181818181
3574,90426.037978,90426.037978,90623.037978,90426.037978,90623.037978,223.33506944444446,197,72.55555555555556
3570,90346.037978,90346.037978,90623.704645,90346.037978,90623.704645,940.37890625,833,72.25
3552,89908.037978,89908.037978,90645.037978,89908.037978,90645.037978,821.9062499999999,737,71.3731343283582
3544,89765.037978,89765.037978,90645.037978,89765.037978,90645.037978,985.5864197530865,880,71.67901234567901
3565,90244.037978,90244.037978,90649.037978,90244.037978,90649.037978,452.302734375,405,71.475
3369,85954.037978,85954.037978,90664.087978,85954.037978,90491.037978,5564.671839407745,4537,78.49658314350798
3543,89720.037978,89720.037978,90697.037978,89720.037978,90697.037978,1086.0891853932585,977,71.14606741573034
3581,90660.037978,90660.037978,90729.037978,90660.037978,90729.037978,69.404296875,69,64.375
3418,86994.037978,86994.037978,90750.037978,86994.037978,90750.037978,4545.093488857939,3756,77.44568245125348
3548,89802.037978,89802.037978,90758.037978,89802.037978,90758.037978,1054.6214488636365,956,70.60227272727273
3361,85725.037978,85725.037978,90775.671311,85725.037978,90599.037978,5955.1904443254825,4874,78.19700214132763
3363,85784.037978,88419.600478,90858.224436,85973.987978,88187.025478,10438.922473404256,8562,78.02978723404256
3582,90671.037978,90671.037978,90864.037978,90671.037978,90864.037978,196.19301470588235,193,65.05882352941177
3584,90720.037978,90720.037978,90867.037978,90720.037978,90867.037978,150.0625,147,65.33333333333333
3563,90213.037978,90213.037978,90908.037978,90213.037978,90908.037978,751.9699519230769,695,69.24615384615385
3585,90722.037978,90722.037978,90911.037978,90722.037978,90911.037978,193.1691176470588,189,65.41176470588235
3000,77658.037978,77743.037978,90924.521312,77731.437978,86707.437978,10214.677576013513,8976,72.83192567567568
3591,90858.037978,90858.037978,90953.037978,90858.037978,90953.037978,97.56392045454547,95,65.72727272727273
3557,90101.037978,90101.037978,91044.037978,90101.037978,91044.037978,1015.0931919642856,943,68.89285714285714
3562,90168.037978,90168.037978,91090.037978,90168.037978,91090.037978,990.609765625,922,68.7625
3569,90316.037978,90316.037978,91122.037978,90316.037978,91122.037978,859.9732142857143,806,68.28571428571429
3587,90788.037978,90788.037978,91181.037978,90788.037978,91181.037978,404.8088942307692,393,65.92307692307692
3523,89257.037978,89257.037978,91210.037978,89257.037978,91210.037978,2202.979742005814,1953,72.19186046511628
3601,91153.037978,91153.037978,91219.037978,91153.037978,91219.037978,69.3515625,66,67.25
3371,85975.037978,85975.037978,91255.337978,85975.037978,91000.037978,6078.857832195378,5025,77.42226890756302
3575,90435.037978,90435.037978,91301.037978,90435.037978,91301.037978,910.7119565217391,866,67.30434782608695
3589,90822.037978,90822.037978,91309.037978,90822.037978,91309.037978,504.45680147058823,487,66.29411764705883
3578,90480.037978,90480.037978,91329.037978,90480.037978,91329.037978,888.2201086956522,849,66.95652173913044
3593,90924.037978,90924.037978,91383.037978,90924.037978,91383.037978,477.5479525862069,459,66.58620689655173
3605,91288.037978,91288.037978,91433.037978,91288.037978,91433.037978,154.0625,145,68.0
3266,83379.037978,83379.037978,91519.204645,83379.037978,90896.037978,9060.067812948351,7517,77.1377331420373
3598,91045.037978,91045.037978,91562.037978,91045.037978,91562.037978,550.06982421875,517,68.09375
3580,90633.037978,90633.037978,91574.037978,90633.037978,91574.037978,978.4064797794118,941,66.54411764705883
3600,91105.037978,91105.037978,91584.037978,91105.037978,91584.037978,512.0761088709678,479,68.41935483870968
3599,91067.037978,91067.037978,91584.037978,91067.037978,91584.037978,552.6387867647059,517,68.41176470588235
3590,90843.037978,90843.037978,91601.037978,90843.037978,91601.037978,800.2352594339621,758,67.56603773584905
3594,90941.037978,90941.037978,91656.037978,90941.037978,91656.037978,761.5890957446808,715,68.17021276595744
3586,90751.037978,90751.037978,91661.037978,90751.037978,91661.037978,959.54345703125,910,67.484375
3609,91403.037978,91403.037978,91685.037978,91403.037978,91685.037978,309.3953804347826,282,70.21739130434783
3596,91003.037978,91003.037978,91701.037978,91003.037978,91701.037978,748.7474489795917,698,68.65306122448979
3613,91508.037978,91508.037978,91761.037978,91508.037978,91761.037978,280.15624999999994,253,70.8695652173913
3603,91271.037978,91271.037978,91768.037978,91271.037978,91768.037978,540.6069711538462,497,69.61538461538461
3606,91297.037978,91297.037978,91815.037978,91297.037978,91815.037978,567.16953125,518,70.075
3597,91021.037978,91021.037978,91851.037978,91021.037978,91851.037978,904.5188492063493,830,69.74603174603175
3197,81759.037978,81825.037978,91878.537978,81821.037978,90074.037978,9790.951293103448,8253,75.9264367816092
3610,91484.037978,91484.037978,91888.037978,91484.037978,91888.037978,453.57621951219517,404,71.85365853658537
3634,91882.037978,91882.037978,91897.037978,91882.037978,91897.037978,90.234375,75,77.0
3604,91271.037978,91271.037978,91910.037978,91271.037978,91910.037978,712.9913504464286,639,71.41071428571429
3595,90984.037978,90984.037978,91915.037978,90984.037978,91915.037978,1023.6616010273973,931,70.36986301369863
3616,91550.037978,91550.037978,91916.037978,91550.037978,91916.037978,417.03984375,366,72.925
3410,86822.037978,86822.037978,91959.237978,86822.037978,91841.037978,5957.52183450324,5019,75.96760259179266
3618,91607.037978,91607.037978,91985.037978,91607.037978,91985.037978,434.26480263157896,378,73.52631578947368
3608,91321.037978,91321.037978,92022.037978,91321.037978,92022.037978,795.6915322580645,701,72.64516129032258
3638,91963.037978,91963.037978,92047.787978,91963.037978,92047.787978,406.79999999999995,339,76.8
3631,91834.037978,91834.037978,92055.037978,91834.037978,92055.037978,264.29687499999994,221,76.53846153846153
3619,91616.037978,91616.037978,92079.037978,91616.037978,92079.037978,539.4130859375,463,74.5625
3640,91986.037978,91986.037978,92142.037978,91986.037978,92142.037978,190.125,156,78.0
3642,91998.037978,91998.037978,92147.037978,91998.037978,92147.037978,182.66826923076923,149,78.46153846153847
3648,92112.037978,92112.037978,92165.287978,92112.037978,92165.287978,263.75390625,213,79.25
3620,91654.037978,91654.037978,92170.037978,91654.037978,92170.037978,605.4481132075472,516,75.09433962264151
3636,91895.037978,91895.037978,92171.037978,91895.037978,92171.037978,332.52455357142856,276,77.10714285714286
3635,91893.037978,91893.037978,92227.037978,91893.037978,92227.037978,401.84375,334,77.0
3647,92105.037978,92105.037978,92264.287978,92105.037978,92264.287978,775.0166666666667,637,77.86666666666666
3650,92186.037978,92186.037978,92265.037978,92186.037978,92265.037978,96.435546875,79,78.125
3624,91721.037978,91721.037978,92265.037978,91721.037978,92265.037978,647.6696428571429,544,76.19642857142857
3487,88647.037978,88647.037978,92290.037978,88647.037978,92290.037978,4158.695195895522,3643,73.05970149253731
3645,92072.037978,92072.037978,92298.037978,92072.037978,92298.037978,275.2903645833333,226,77.95833333333333
3314,84686.037978,84992.037978,92318.687978,84783.037978,91383.037978,7968.464259796808,6600,77.2699564586357
3611,91497.037978,91497.037978,92344.037978,91497.037978,92344.037978,990.6005747126437,847,74.85057471264368
3656,92284.037978,92284.037978,92367.037978,92284.037978,92367.037978,302.982421875,249,77.875
3626,91786.037978,91786.037978,92384.037978,91786.037978,92384.037978,717.0957341269841,598,76.74603174603175
3641,91992.037978,91992.037978,92413.037978,91992.037978,92413.037978,511.40705128205127,421,77.74358974358974
3633,91847.037978,91847.037978,92419.037978,91847.037978,92419.037978,689.9122807017545,572,77.19298245614036
3651,92187.037978,92187.037978,92488.037978,92187.037978,92488.037978,363.5123697916667,301,77.29166666666667
3627,91802.037978,91802.037978,92527.037978,91802.037978,92527.037978,868.653759057971,725,76.68115942028986
3646,92075.037978,92075.037978,92549.037978,92075.037978,92549.037978,571.9903846153846,474,77.23076923076923
3657,92316.037978,92316.037978,92579.037978,92316.037978,92579.037978,312.795955882353,263,76.11764705882354
3622,91696.037978,91696.037978,92614.037978,91696.037978,92614.037978,1090.125,918,76.0
3637,91922.037978,91922.037978,92626.037978,91922.037978,92626.037978,845.4827586206895,704,76.86206896551724
3644,92044.037978,92044.037978,92643.037978,92044.037978,92643.037978,720.2975,599,76.96
3470,88015.037978,88070.637978,92688.637978,88070.637978,92688.637978,5315.093672648515,4618,73.66089108910892
3629,91832.037978,91832.037978,92710.037978,91832.037978,92710.037978,1050.012019230769,878,76.53846153846153
3649,92175.037978,92175.037978,92723.037978,92175.037978,92723.037978,652.1438953488372,548,76.16279069767442
3654,92256.037978,92256.037978,92742.037978,92256.037978,92742.037978,576.93515625,486,75.975
3665,92594.037978,92594.037978,92748.037978,92594.037978,92748.037978,179.50625,154,74.6
3658,92326.037978,92326.037978,92760.037978,92326.037978,92760.037978,509.6212121212121,434,75.15151515151516
3382,86167.037978,86177.037978,92788.771311,86177.037978,91843.037978,6780.893538135592,5666,76.59322033898304
3643,92013.037978,92013.037978,92911.037978,92013.037978,92911.037978,1072.8059895833333,898,76.45833333333333
3670,92731.037978,92731.037978,92918.704645,92731.037978,92918.704645,666.2166666666667,563,75.73333333333333
3660,92453.037978,92453.037978,92919.037978,92453.037978,92919.037978,547.5095486111111,466,75.19444444444444
3662,92491.037978,92491.037978,92933.037978,92491.037978,92933.037978,519.59375,442,75.23529411764706
3639,91984.037978,91984.037978,92935.037978,91984.037978,92935.037978,1135.4737042682927,951,76.41463414634147
3668,92717.037978,92717.037978,92943.037978,92717.037978,92943.037978,266.6861413043478,226,75.52173913043478
3680,92962.037978,92962.037978,92993.037978,92962.037978,92993.037978,36.69140625,31,75.75
3632,91838.037978,91838.037978,93061.037978,91838.037978,93061.037978,1459.5235849056605,1223,76.37735849056604
3659,92371.037978,92371.037978,93104.037978,92371.037978,93104.037978,867.7787388392857,733,75.76785714285714
3474,88111.037978,88144.037978,93108.037978,88144.037978,93108.037978,5717.106854838709,4964,73.70967741935483
3661,92478.037978,92478.037978,93110.037978,92478.037978,93110.037978,749.7547169811321,632,75.9245283018868
3688,93088.037978,93088.037978,93118.037978,93088.037978,93118.037978,37.40625,30,79.8
3674,92802.037978,92802.037978,93129.037978,92802.037978,93129.037978,394.33426339285717,327,77.17857142857143
3653,92240.037978,92240.037978,93134.037978,92240.037978,93134.037978,1066.4675,894,76.34666666666666
3602,91250.037978,91250.037978,93157.037978,91250.037978,93157.037978,2222.200677710843,1907,74.57831325301204
3666,92630.037978,92630.037978,93173.037978,92630.037978,93173.037978,645.6962890625,543,76.10416666666667
3684,93019.037978,93019.037978,93193.037978,93019.037978,93193.037978,210.78308823529412,174,77.52941176470588
3664,92583.037978,92583.037978,93214.037978,92583.037978,93214.037978,748.5954545454546,631,75.92727272727272
3687,93085.037978,93085.037978,93264.037978,93085.037978,93264.037978,214.2077205882353,179,76.58823529411765
3685,93026.037978,93026.037978,93370.037978,93026.037978,93370.037978,411.859375,344,76.625
3671,92736.037978,92736.037978,93383.037978,92736.037978,93383.037978,770.334375,647,76.2
3567,90313.037978,90313.037978,93401.037978,90313.037978,93401.037978,3508.6264705882354,3088,72.71764705882353
3513,89140.037978,89140.037978,93491.037978,89140.037978,93491.037978,5008.365045362903,4351,73.66935483870968
3139,80847.037978,81830.037978,93516.987977,80973.037978,89436.037978,9986.487323113208,8463,75.52111410601977
3695,93362.037978,93362.037978,93544.037978,93362.037978,93544.037978,216.34375,182,76.07692307692308
3679,92934.037978,92934.037978,93550.037978,92934.037978,93550.037978,734.0666666666666,616,76.26666666666667
3681,92963.037978,92963.037978,93566.037978,92963.037978,93566.037978,719.7874273255813,603,76.3953488372093
3682,92974.037978,92974.037978,93574.537978,92974.037978,93574.537978,4304.834375,3603,76.46666666666667
3701,93541.037978,93541.037978,93611.037978,93541.037978,93611.037978,85.14423076923076,70,77.84615384615384
3675,92810.037978,92810.037978,93624.037978,92810.037978,93624.037978,976.0173076923077,814,76.73846153846154
3667,92707.037978,92707.037978,93624.037978,92707.037978,93624.037978,1094.1314453124999,917,76.3625
3706,93586.037978,93586.037978,93624.037978,93586.037978,93624.037978,47.42578125,38,79.875
3678,92899.037978,92899.037978,93632.037978,92899.037978,93632.037978,880.4810096153847,733,76.87692307692308
3704,93570.037978,93570.037978,93644.037978,93570.037978,93644.037978,91.25480769230768,74,78.92307692307692
3709,93613.037978,93613.037978,93646.037978,93613.037978,93646.037978,40.66071428571429,33,78.85714285714286
3698,93481.037978,93481.037978,93662.037978,93481.037978,93662.037978,219.5060096153846,181,77.61538461538461
3669,92717.037978,92717.037978,93662.037978,92717.037978,93662.037978,1129.3034638554218,945,76.48192771084338
3705,93577.037978,93577.037978,93673.037978,93577.037978,93673.037978,116.53125000000001,96,77.6875
3663,92546.037978,92546.037978,93736.037978,92546.037978,93736.037978,1414.9659653465346,1190,76.0990099009901
3689,93148.037978,93148.037978,93740.037978,93148.037978,93740.037978,704.48,592,76.16
3612,91504.037978,91504.037978,93743.704645,91504.037978,93743.704645,7930.804569723618,6719,75.5427135678392
3697,93452.037978,93452.037978,93750.037978,93452.037978,93750.037978,355.88851351351354,298,76.43243243243244
3676,92814.037978,92814.037978,93769.037978,92814.037978,93769.037978,1139.4048996913582,955,76.35802469135803
3614,91519.037978,91519.037978,93769.037978,91519.037978,93769.037978,2655.4337686567164,2250,75.53233830845771
3712,93711.037978,93711.037978,93772.637978,93711.037978,93772.637978,349.3875,308,72.6
3507,89075.037978,89075.037978,93799.037978,89075.037978,93799.037978,5451.853920990566,4724,73.86084905660377
3715,93783.037978,93783.037978,93817.637978,93783.037978,93817.637978,194.625,173,72.0
3707,93597.037978,93597.037978,93848.037978,93597.037978,93848.037978,292.79248046875,251,74.65625
3718,93806.037978,93806.037978,93849.037978,93806.037978,93849.037978,48.54296875,43,72.25
3677,92863.037978,92863.037978,93850.037978,92863.037978,93850.037978,1167.5365149456522,987,75.70652173913044
3694,93309.037978,93309.037978,93887.037978,93309.037978,93887.037978,675.9890624999999,578,74.85
3711,93686.037978,93686.037978,93960.037978,93686.037978,93960.037978,307.77430555555554,274,71.88888888888889
3721,93866.037978,93866.037978,94023.037978,93866.037978,94023.037978,178.26041666666669,157,72.66666666666667
3440,87433.037978,87436.371311,94044.971311,87436.371311,93590.371311,7223.185423764906,6154,75.11925042589438
3692,93240.037978,93240.037978,94094.037978,93240.037978,94094.037978,995.9775,854,74.64
3720,93864.037978,93864.037978,94110.787978,93864.037978,94110.787978,1130.6162109375,987,73.3125
3723,93950.037978,93950.037978,94145.704645,93950.037978,94145.704645,679.4242788461539,587,74.07692307692308
3690,93188.037978,93188.037978,94171.037978,93188.037978,94171.037978,1145.5846036585365,983,74.58536585365853
3693,93302.037978,93302.037978,94188.037978,93302.037978,94188.037978,1032.528003246753,886,74.58441558441558
3727,94028.037978,94028.037978,94190.037978,94028.037978,94190.037978,187.3125,162,74.0
3691,93237.037978,93237.037978,94200.037978,93237.037978,94200.037978,1119.8138177710846,963,74.42168674698796
3702,93565.037978,93565.037978,94210.037978,93565.037978,94210.037978,745.9362980769231,645,74.01538461538462
3303,84461.037978,84467.037978,94284.354645,84467.037978,91867.037978,8882.587226066898,7400,76.82237600922723
3699,93518.037978,93518.037978,94297.037978,93518.037978,94297.037978,900.3897804054053,779,73.97297297297297
3713,93745.037978,93745.037978,94300.037978,93745.037978,94300.037978,623.7837357954546,555,71.93181818181819
3728,94077.037978,94077.037978,94320.037978,94077.037978,94320.037978,271.6875,243,71.55555555555556
3710,93665.037978,93665.037978,94339.037978,93665.037978,94339.037978,757.8599537037037,674,71.96296296296296
3724,93974.037978,93974.037978,94355.037978,93974.037978,94355.037978,425.8610491071429,381,71.53571428571429
3714,93771.037978,93771.037978,94360.037978,93771.037978,94360.037978,656.750664893617,589,71.36170212765957
3700,93524.037978,93524.037978,94404.037978,93524.037978,94404.037978,1006.5327380952381,880,73.20238095238095
3738,94431.037978,94431.037978,94523.037978,94431.037978,94523.037978,99.66666666666666,92,69.33333333333333
3739,94452.037978,94452.037978,94530.787978,94452.037978,94530.787978,342.89062500000006,315,69.66666666666667
3731,94235.037978,94235.037978,94531.037978,94235.037978,94531.037978,317.96875,296,68.75
3483,88539.037978,88539.037978,94562.037978,88539.037978,94562.037978,6914.686328124999,6023,73.475
3708,93598.037978,93598.037978,94562.037978,93598.037978,94562.037978,1086.19453125,964,72.1125
3615,91522.037978,91522.037978,94564.037978,91522.037978,94564.037978,3538.6831395348836,3042,74.44961240310077
3725,94018.037978,94018.037978,94577.037978,94018.037978,94577.037978,613.5365853658536,559,70.2439024390244
3730,94198.037978,94198.037978,94603.037978,94198.037978,94603.037978,432.71282327586204,405,68.37931034482759
3734,94343.037978,94343.037978,94611.037978,94343.037978,94611.037978,282.3256578947368,268,67.42105263157895
3696,93415.037978,93415.037978,94615.704645,93415.037978,94615.704645,4080.663834951457,3602,72.50485436893204
3733,94308.037978,94308.037978,94625.704645,94308.037978,94625.704645,995.289375,953,66.84
3735,94354.037978,94354.037978,94633.037978,94354.037978,94633.037978,288.47690217391306,279,66.17391304347827
3625,91774.037978,91774.037978,94692.037978,91774.037978,94692.037978,3380.503,2918,74.144
3737,94393.037978,94393.037978,94739.037978,94393.037978,94739.037978,352.40740740740745,346,65.18518518518519
3740,94533.037978,94533.037978,94746.704645,94533.037978,94746.704645,641.0,641,64.0
3492,88815.037978,88815.037978,94769.037978,88815.037978,94769.037978,6803.043821839081,5954,73.1264367816092
3743,94653.037978,94653.037978,94780.037978,94653.037978,94780.037978,127.0,127,63.916666666666664
3722,93891.037978,93891.037978,94817.037978,93891.037978,94817.037978,986.5461538461539,926,68.18461538461538
3749,94772.037978,94772.037978,94822.037978,94772.037978,94822.037978,198.66071428571428,200,63.57142857142857
3744,94663.037978,94663.037978,94851.037978,94663.037978,94851.037978,188.0,188,63.94117647058823
3747,94694.037978,94694.037978,94876.037978,94694.037978,94876.037978,546.0,546,64.0
3736,94388.037978,94388.037978,94905.037978,94388.037978,94905.037978,522.4480377906976,517,64.67441860465117
3726,94018.037978,94018.037978,94920.037978,94018.037978,94920.037978,946.4344618055554,902,67.15277777777777
3754,94877.037978,94877.037978,94927.537978,94877.037978,94927.537978,101.67633928571429,101,64.42857142857143
3729,94089.037978,94089.037978,94940.037978,94089.037978,94940.037978,884.4321428571429,851,66.51428571428572
3621,91680.037978,91680.037978,94941.037978,91680.037978,94941.037978,3728.6123670212764,3261,73.177304964539
3752,94820.037978,94820.037978,94973.037978,94820.037978,94973.037978,153.0,153,63.8125
3628,91820.037978,91820.037978,94995.037978,91820.037978,94995.037978,3625.6335227272725,3175,73.08363636363636
3430,87244.037978,87676.037978,95007.037978,87324.037978,94190.037978,7985.660207423581,6866,74.43668122270742
3244,82868.037978,82868.037978,95099.957978,82868.037978,91166.037978,9809.04638252149,8298,75.65425023877746
3742,94630.037978,94630.037978,95107.037978,94630.037978,95107.037978,477.0,477,63.651162790697676
3741,94617.037978,94617.037978,95109.037978,94617.037978,95109.037978,492.0,492,63.56521739130435
3683,93011.037978,93011.037978,95123.037978,93011.037978,95123.037978,2335.2134831460676,2112,70.76404494382022
3750,94819.037978,94819.037978,95129.037978,94819.037978,95129.037978,310.0,310,63.67741935483871
3761,95004.037978,95004.037978,95159.037978,95004.037978,95159.037978,155.0,155,63.72727272727273
3757,94920.037978,94920.037978,95192.037978,94920.037978,95192.037978,272.0,272,63.208333333333336
3762,95048.037978,95048.037978,95195.037978,95048.037978,95195.037978,147.0,147,63.0
3546,89783.037978,89783.037978,95218.037978,89783.037978,95218.037978,6065.688935995624,5435,71.42669584245077
3760,94988.037978,94988.037978,95293.037978,94988.037978,95293.037978,305.0,305,62.791666666666664
3767,95180.037978,95180.037978,95379.037978,95180.037978,95379.037978,199.0,199,63.46666666666667
3776,95367.037978,95367.037978,95392.537978,95367.037978,95392.537978,107.84375,102,67.66666666666667
3746,94688.037978,94688.037978,95410.037978,94688.037978,95410.037978,722.0,722,63.65573770491803
3753,94877.037978,94877.037978,95441.037978,94877.037978,95441.037978,564.0,564,63.6875
3766,95179.037978,95179.037978,95476.037978,95179.037978,95476.037978,298.0088315217391,297,64.21739130434783
3773,95339.037978,95339.037978,95512.037978,95339.037978,95512.037978,179.17857142857144,173,66.28571428571429
3756,94910.037978,94910.037978,95629.037978,94910.037978,95629.037978,720.3216911764706,719,64.11764705882354
3770,95265.037978,95265.037978,95643.037978,95265.037978,95643.037978,389.2989130434783,378,65.91304347826087
3748,94725.037978,94725.037978,95659.037978,94725.037978,95659.037978,937.4457465277778,934,64.23611111111111
3783,95632.037978,95632.037978,95665.037978,95632.037978,95665.037978,34.856249999999996,33,67.6
3758,94965.037978,94965.037978,95665.037978,94965.037978,95665.037978,705.1470588235294,700,64.47058823529412
3759,94973.037978,94973.037978,95689.037978,94973.037978,95689.037978,722.2650000000001,716,64.56
3281,83593.037978,83898.037978,95710.537978,83779.937978,91840.937978,9493.916478658537,8061,75.37658536585366
3768,95226.037978,95226.037978,95731.037978,95226.037978,95731.037978,516.6038602941176,505,65.47058823529412
3755,94884.037978,94884.037978,95771.037978,94884.037978,95771.037978,892.756971153846,887,64.41538461538461
3775,95363.037978,95363.037978,95777.037978,95363.037978,95777.037978,427.6305803571429,414,66.10714285714286
3782,95537.037978,95537.037978,95811.037978,95537.037978,95811.037978,279.6332236842105,274,65.3157894736842
3764,95097.037978,95097.037978,95878.037978,95097.037978,95878.037978,787.7795138888889,781,64.55555555555556
3780,95500.037978,95500.037978,95880.037978,95500.037978,95880.037978,387.66927083333337,380,65.29166666666667
3771,95279.037978,95279.037978,95940.037978,95279.037978,95940.037978,673.7300145348837,661,65.23255813953489
3784,95653.037978,95653.037978,95941.037978,95653.037978,95941.037978,289.6363636363636,288,64.36363636363636
3769,95259.037978,95259.037978,95951.037978,95259.037978,95951.037978,702.8125,692,65.0
3655,92270.037978,92270.037978,95995.037978,92270.037978,95995.037978,4098.767006802721,3725,70.421768707483
2996,77607.037978,77796.037978,96016.421312,77685.037978,86940.037978,10457.020012170226,9255,72.31218592964824
3777,95412.037978,95412.037978,96022.037978,95412.037978,96022.037978,617.86328125,610,64.825
3796,96034.037978,96034.037978,96073.871311,96034.037978,96073.871311,236.51041666666666,239,63.333333333333336
3789,95804.037978,95804.037978,96077.037978,95804.037978,96077.037978,273.0,273,63.25
3781,95513.037978,95513.037978,96143.037978,95513.037978,96143.037978,631.875,630,64.19047619047619
3772,95326.037978,95326.037978,96160.037978,95326.037978,96160.037978,842.9046875000001,834,64.68333333333334
3466,87960.037978,87962.037978,96176.037978,87962.037978,95752.037978,8765.514039855072,7790,72.01449275362319
3801,96150.037978,96150.037978,96183.437978,96150.037978,96183.437978,169.609375,167,65.0
3797,96062.037978,96062.037978,96200.037978,96062.037978,96200.037978,138.0,138,64.0
3795,96022.037978,96022.037978,96225.037978,96022.037978,96225.037978,203.0,203,63.73684210526316
3803,96198.037978,96198.037978,96294.037978,96198.037978,96294.037978,97.5,96,65.0
3798,96090.037978,96090.037978,96301.037978,96090.037978,96301.037978,853.890625,844,64.75
3806,96261.037978,96261.037978,96302.037978,96261.037978,96302.037978,42.464285714285715,41,66.28571428571429
3525,89286.037978,89286.037978,96331.037978,89286.037978,96181.037978,7650.6039102292025,6895,71.01358234295417
3751,94819.037978,94819.037978,96356.037978,94819.037978,96356.037978,1544.0865778688526,1537,64.29508196721312
3583,90675.037978,90675.037978,96364.037978,90675.037978,96364.037978,6240.701596467391,5689,70.20652173913044
3787,95777.037978,95777.037978,96383.037978,95777.037978,96383.037978,609.7132352941176,606,64.3921568627451
3686,93065.037978,93065.037978,96389.037978,93065.037978,96389.037978,3554.4486111111114,3324,68.43703703703704
3809,96288.037978,96288.037978,96435.037978,96288.037978,96435.037978,152.90625,147,66.57142857142857
3793,95955.037978,95955.037978,96531.037978,95955.037978,96531.037978,581.5227272727273,576,64.61363636363636
3332,84980.037978,87147.037978,96564.771311,85123.487978,93138.487978,9331.099431818182,8015,74.50909090909092
3778,95440.037978,95440.037978,96575.371311,95440.037978,96575.371311,3450.8832831325303,3406,64.8433734939759
3794,95961.037978,95961.037978,96607.037978,95961.037978,96607.037978,656.4675925925926,646,65.03703703703704
3812,96307.037978,96307.037978,96642.037978,96307.037978,96642.037978,347.0618206521739,335,66.30434782608695
3785,95721.037978,95721.037978,96651.037978,95721.037978,96651.037978,940.9966216216217,930,64.75675675675676
3819,96579.037978,96579.037978,96692.037978,96579.037978,96692.037978,119.67013888888887,113,67.77777777777777
3379,86058.037978,87183.037978,96709.137978,86256.037978,94298.037978,9292.33504267621,8042,73.95044052863436
3790,95912.037978,95912.037978,96738.037978,95912.037978,96738.037978,841.4875,826,65.2
3527,89289.037978,89522.371311,96741.371311,89365.037978,96584.037978,7982.2527603322515,7219,70.76661264181523
3822,96599.037978,96599.037978,96750.037978,96599.037978,96750.037978,160.4375,151,68.0
3592,90883.037978,90883.037978,96762.037978,90883.037978,96762.037978,6444.752548993644,5879,70.15889830508475
3805,96221.037978,96221.037978,96767.037978,96221.037978,96767.037978,566.4008152173914,546,66.3913043478261
3815,96506.037978,96506.037978,96786.037978,96506.037978,96786.037978,291.6666666666667,280,66.66666666666667
3814,96505.037978,96505.037978,96825.037978,96505.037978,96825.037978,331.66666666666663,320,66.33333333333333
3800,96141.037978,96141.037978,96862.037978,96141.037978,96862.037978,741.84140625,721,65.85
3820,96586.037978,96586.037978,96882.037978,96586.037978,96882.037978,307.36979166666663,296,66.45833333333333
3240,82787.037978,82787.037978,96909.033812,82787.037978,91238.037978,9823.776637405383,8451,74.39613120269134
3804,96218.037978,96218.037978,96927.037978,96218.037978,96927.037978,728.1888950892858,709,65.73214285714286
3802,96159.037978,96159.037978,96933.037978,96159.037978,96933.037978,792.6205357142858,774,65.53968253968254
3799,96141.037978,96141.037978,96955.037978,96141.037978,96955.037978,829.3684895833333,814,65.20833333333333
3808,96264.037978,96264.037978,96989.037978,96264.037978,96989.037978,741.078629032258,725,65.41935483870968
3807,96264.037978,96264.037978,97035.037978,96264.037978,97035.037978,788.8877840909091,771,65.48484848484848
3826,96711.037978,96711.037978,97038.037978,96711.037978,97038.037978,330.03369140625,327,64.59375
3821,96599.037978,96599.037978,97047.037978,96599.037978,97047.037978,457.93023255813955,448,65.4186046511628
3504,89036.037978,89038.504645,97057.904645,89038.504645,96623.504645,8397.333044825073,7585,70.85422740524781
3828,96788.037978,96788.037978,97063.037978,96788.037978,97063.037978,275.4774305555556,275,64.11111111111111
3836,96969.037978,96969.037978,97103.037978,96969.037978,97103.037978,138.48660714285714,134,66.14285714285714
3840,97032.037978,97032.037978,97119.037978,97032.037978,97119.037978,89.84232954545455,87,66.0909090909091
3830,96926.037978,96926.037978,97150.037978,96926.037978,97150.037978,225.6153846153846,224,64.46153846153847
3813,96332.037978,96332.037978,97186.037978,96332.037978,97186.037978,871.1562500000001,854,65.28571428571429
3405,86685.037978,88419.600478,97227.200478,86997.037978,95205.037978,9369.760773480664,8208,73.0585635359116
3842,97093.037978,97093.037978,97245.037978,97093.037978,97245.037978,154.7142857142857,152,65.14285714285714
3832,96944.037978,96944.037978,97283.037978,96944.037978,97283.037978,345.74147727272725,339,65.27272727272727
3816,96534.037978,96534.037978,97286.037978,96534.037978,97286.037978,768.1775362318841,752,65.3768115942029
3837,96976.037978,96976.037978,97304.037978,96976.037978,97304.037978,337.1896551724138,328,65.79310344827586
3848,97207.037978,97207.037978,97378.037978,97207.037978,97378.037978,176.34375,171,66.0
3846,97178.037978,97178.037978,97393.037978,97178.037978,97393.037978,220.59895833333334,215,65.66666666666667
3823,96602.037978,96602.037978,97400.037978,96602.037978,97400.037978,813.4914772727274,798,65.24242424242425
3841,97035.037978,97035.037978,97407.037978,97035.037978,97407.037978,379.6163793103448,372,65.3103448275862
3849,97238.037978,97238.037978,97483.037978,97238.037978,97483.037978,248.1103515625,245,64.8125
3853,97415.037978,97415.037978,97514.037978,97415.037978,97514.037978,99.966796875,99,64.625
3855,97439.037978,97439.037978,97523.537978,97439.037978,97523.537978,345.5446428571429,338,65.42857142857143
3834,96952.037978,96952.037978,97566.037978,96952.037978,97566.037978,627.8576388888889,614,65.44444444444444
3825,96700.037978,96700.037978,97566.037978,96700.037978,97566.037978,881.4642857142857,866,65.14285714285714
3833,96948.037978,96948.037978,97583.037978,96948.037978,97583.037978,649.795778508772,635,65.49122807017544
3176,81435.037978,81954.037978,97596.850478,81666.871311,90355.871311,9993.414828431372,8689,73.6078431372549
3630,91833.037978,91833.037978,97644.287978,91833.037978,97591.037978,6260.138085937499,5758,69.58125
3844,97174.037978,97174.037978,97676.037978,97174.037978,97676.037978,517.5050872093024,502,65.97674418604652
3850,97270.037978,97270.037978,97749.037978,97270.037978,97749.037978,496.59839527027026,479,66.35135135135135
3860,97547.037978,97547.037978,97763.787978,97547.037978,97763.787978,924.1979166666669,867,68.22222222222223
3866,97617.037978,97617.037978,97767.037978,97617.037978,97767.037978,161.25,150,68.8
3851,97345.037978,97345.037978,97794.037978,97345.037978,97794.037978,467.3923141891892,449,66.62162162162163
3839,97031.037978,97031.037978,97839.037978,97031.037978,97839.037978,836.9403846153846,808,66.29230769230769
3829,96874.037978,96874.037978,97841.037978,96874.037978,97841.037978,991.6909298780489,967,65.63414634146342
3824,96697.037978,96697.037978,97858.037978,96697.037978,97858.037978,1191.8577641752577,1161,65.70103092783505
3838,96977.037978,96977.037978,97863.037978,96977.037978,97863.037978,917.6428571428572,886,66.28571428571429
3588,90791.037978,90791.037978,97959.287978,90791.037978,97890.037978,7692.975005463287,7099,69.3548951048951
3861,97557.037978,97557.037978,97973.037978,97557.037978,97973.037978,439.359375,416,67.59375
3865,97612.037978,97612.037978,97984.037978,97612.037978,97984.037978,391.995,372,67.44
3845,97174.037978,97174.037978,98060.037978,97174.037978,98060.037978,920.3996212121212,886,66.48484848484848
3878,98039.037978,98039.037978,98128.037978,98039.037978,98128.037978,95.11875,89,68.4
3852,97389.037978,97389.037978,98132.037978,97389.037978,98132.037978,775.50625,743,66.8
3869,97703.037978,97703.037978,98164.037978,97703.037978,98164.037978,485.277199074074,461,67.37037037037037
3874,97958.037978,97958.037978,98166.037978,97958.037978,98166.037978,218.83333333333331,208,67.33333333333333
3867,97672.037978,97672.037978,98188.037978,97672.037978,98188.037978,542.6306818181818,516,67.3030303030303
3870,97766.037978,97766.037978,98271.037978,97766.037978,98271.037978,527.9082661290323,505,66.90322580645162
3873,97902.037978,97902.037978,98289.037978,97902.037978,98289.037978,404.61480978260875,387,66.91304347826087
3872,97874.037978,97874.037978,98312.037978,97874.037978,98312.037978,456.9519230769231,438,66.76923076923077
3882,98195.037978,98195.037978,98333.037978,98195.037978,98333.037978,143.66015625,138,66.625
3868,97686.037978,97686.037978,98355.037978,97686.037978,98355.037978,700.359375,669,67.0
3859,97543.037978,97543.037978,98437.037978,97543.037978,98437.037978,937.8003177966103,894,67.13559322033899
3858,97506.037978,97506.037978,98466.037978,97506.037978,98466.037978,1006.3846153846155,960,67.0923076923077
3876,97966.037978,97966.037978,98484.037978,97966.037978,98484.037978,541.0166015625,518,66.84375
3862,97560.037978,97560.037978,98494.037978,97560.037978,98494.037978,980.6058467741934,934,67.19354838709677
3863,97564.037978,97564.037978,98500.037978,97564.037978,98500.037978,982.388671875,936,67.171875
3347,85353.037978,88797.137978,98577.721311,85636.037978,94603.037978,10254.894471370606,8967,73.19206492335438
3896,98541.037978,98541.037978,98596.037978,98541.037978,98596.037978,60.37109375,55,70.25
3871,97814.037978,97814.037978,98613.037978,97814.037978,98613.037978,3346.7547169811323,3196,67.01886792452831
3885,98291.037978,98291.037978,98653.037978,98291.037978,98653.037978,381.23125000000005,362,67.4
3703,93569.037978,93569.037978,98730.537978,93569.037978,98726.037978,5381.897154850747,5157,66.7910447761194
3888,98401.037978,98401.037978,98812.037978,98401.037978,98812.037978,440.8949353448277,411,68.65517241379311
3895,98516.037978,98516.037978,98818.037978,98516.037978,98818.037978,330.3125,302,70.0
3652,92232.037978,92232.037978,98826.787978,92232.037978,98680.037978,6925.484435797666,6448,68.73929961089495
3893,98494.037978,98494.037978,98936.037978,98494.037978,98936.037978,481.93614130434776,442,69.78260869565217
3887,98400.037978,98400.037978,98945.037978,98400.037978,98945.037978,587.0915178571428,545,68.94285714285714
3884,98210.037978,98210.037978,98996.037978,98210.037978,98996.037978,842.2208333333333,786,68.57777777777778
3883,98207.037978,98207.037978,99024.037978,98207.037978,99024.037978,875.7750651041667,817,68.60416666666667
3897,98575.037978,98575.037978,99033.037978,98575.037978,99033.037978,503.51375,458,70.36
3879,98058.037978,98058.037978,99051.037978,98058.037978,99051.037978,1061.0101562500001,993,68.38333333333334
3763,95067.037978,95067.037978,99051.037978,95067.037978,99051.037978,4101.391868512111,3984,65.88581314878893
3880,98127.037978,98127.037978,99059.037978,98127.037978,99059.037978,995.346875,932,68.35
3230,82554.037978,82802.737978,99081.87131,82686.037978,91769.037978,10430.738332723278,9083,73.49633967789165
3902,98765.037978,98765.037978,99097.037978,98765.037978,99097.037978,363.125,332,70.0
3899,98678.037978,98678.037978,99121.037978,98678.037978,99121.037978,481.9057112068965,443,69.62068965517241
3890,98462.037978,98462.037978,99133.037978,98462.037978,99133.037978,723.421875,671,69.0
3907,98992.037978,98992.037978,99207.037978,98992.037978,99207.037978,229.1447368421053,215,68.21052631578948
3905,98805.037978,98805.037978,99215.037978,98805.037978,99215.037978,442.9803240740741,410,69.14814814814815
3898,98670.037978,98670.037978,99242.037978,98670.037978,99242.037978,616.9290540540542,572,69.02702702702703
3892,98494.037978,98494.037978,99305.037978,98494.037978,99305.037978,871.626225490196,811,68.7843137254902
3903,98791.037978,98791.037978,99312.037978,98791.037978,99312.037978,560.7727678571429,521,68.88571428571429
3916,99278.037978,99278.037978,99343.037978,99278.037978,99343.037978,68.046875,65,67.0
3913,99174.037978,99174.037978,99407.037978,99174.037978,99407.037978,242.8816964285714,233,66.71428571428571
3921,99417.037978,99417.037978,99474.704645,99417.037978,99474.704645,187.05625,173,69.2
3547,89796.037978,89815.037978,99483.187978,89803.037978,98623.037978,9552.525049277267,8820,69.31537450722733
3900,98732.037978,98732.037978,99553.037978,98732.037978,99553.037978,887.391173245614,821,69.17543859649123
3914,99189.037978,99189.037978,99588.037978,99189.037978,99588.037978,430.81681034482756,399,69.10344827586206
3792,95933.037978,95940.037978,99612.999089,95940.037978,99081.704645,9797.248385608855,9413,66.61254612546125
3917,99288.037978,99288.037978,99639.037978,99288.037978,99639.037978,384.75,351,70.15384615384616
3928,99523.037978,99523.037978,99648.537978,99523.037978,99648.537978,873.3713942307692,753,74.23076923076923
3925,99498.037978,99498.037978,99663.037978,99498.037978,99663.037978,189.92187500000003,165,73.66666666666667
3910,99068.037978,99068.037978,99696.037978,99068.037978,99696.037978,686.248670212766,628,69.93617021276596
3909,99066.037978,99066.037978,99736.037978,99066.037978,99736.037978,734.4546568627451,670,70.15686274509804
3922,99440.037978,99440.037978,99760.037978,99440.037978,99760.037978,365.8928571428571,320,73.17857142857143
3927,99510.037978,99510.037978,99770.037978,99510.037978,99770.037978,302.1022727272727,260,74.36363636363636
3934,99647.037978,99647.037978,99785.037978,99647.037978,99785.037978,161.5390625,138,74.91666666666667
3932,99623.037978,99623.037978,99796.037978,99623.037978,99796.037978,201.2138671875,173,74.4375
3912,99120.037978,99120.037978,99803.037978,99120.037978,99803.037978,754.7735906862745,683,70.72549019607843
3915,99225.037978,99225.037978,99825.037978,99225.037978,99825.037978,668.5546875,600,71.3125
3561,90138.037978,90207.787978,99852.037978,90200.037978,98861.037978,9389.211132555847,8661,69.38107752956635
3911,99094.037978,99094.037978,99882.037978,99094.037978,99882.037978,870.4311440677966,788,70.69491525423729
3938,99731.037978,99731.037978,99924.037978,99731.037978,99924.037978,218.5441176470588,193,72.47058823529412
3854,97425.037978,97425.037978,100065.037978,97425.037978,100065.037978,2847.171787709497,2640,69.02234636871508
3945,99924.037978,99924.037978,100071.037978,99924.037978,100071.037978,171.9375,147,74.85714285714286
3940,99821.037978,99821.037978,100156.037978,99821.037978,100156.037978,393.625,335,75.2
3954,100089.037978,100089.037978,100189.037978,100089.037978,100189.037978,127.45535714285714,100,81.57142857142857
3305,84491.037978,88797.137978,100254.621312,84597.037978,93648.037978,10398.72451978211,9051,73.52981651376147
3926,99508.037978,99508.037978,100285.037978,99508.037978,100285.037978,921.2943135245902,777,75.88524590163935
3963,100252.037978,100252.037978,100290.037978,100252.037978,100290.037978,51.18125,38,86.2
3958,100181.037978,100181.037978,100301.037978,100181.037978,100301.037978,158.59375,120,84.58333333333333
3937,99718.037978,99718.037978,100304.037978,99718.037978,100304.037978,708.7327127659574,586,77.40425531914893
3950,100071.037978,100071.037978,100330.037978,100071.037978,100330.037978,333.78625,259,82.48
3918,99379.037978,99379.037978,100347.037978,99379.037978,100347.037978,1146.138888888889,968,75.77777777777777
3943,99922.037978,99922.037978,100354.037978,99922.037978,100354.037978,542.4868421052631,432,80.36842105263158
3936,99650.037978,99650.037978,100364.037978,99650.037978,100364.037978,871.3618421052632,714,78.10526315789474
3919,99391.037978,99391.037978,100368.037978,99391.037978,100368.037978,1164.00390625,977,76.25
3929,99531.037978,99531.037978,100375.037978,99531.037978,100375.037978,1025.01198630137,844,77.72602739726027
3948,100021.037978,100021.037978,100402.037978,100021.037978,100402.037978,488.3050781250001,381,82.025
3827,96722.037978,96722.037978,100403.037978,96722.037978,100403.037978,4023.801460597826,3681,69.96014492753623
3831,96937.037978,96937.037978,100410.037978,96937.037978,100410.037978,3820.5485448473282,3473,70.40458015267176
3933,99641.037978,99641.037978,100421.037978,99641.037978,100421.037978,959.5185810810812,780,78.72972972972973
3953,100075.037978,100075.037978,100436.037978,100075.037978,100436.037978,469.547637195122,361,83.2439024390244
3906,98936.037978,98936.037978,100441.037978,98936.037978,100441.037978,5291.5667724609375,4515,75.0078125
3967,100344.037978,100344.037978,100446.037978,100344.037978,100446.037978,132.43303571428572,102,83.0952380952381
3941,99821.037978,99821.037978,100486.037978,99821.037978,100486.037978,835.5381944444445,665,80.41269841269842
3935,99648.037978,99648.037978,100499.037978,99648.037978,100499.037978,1053.9004629629628,851,79.25925925925925
3969,100371.037978,100371.037978,100500.037978,100371.037978,100500.037978,166.52901785714286,129,82.61904761904762
3971,100400.037978,100400.037978,100526.037978,100400.037978,100526.037978,812.8125,630,82.57142857142857
3968,100367.037978,100367.037978,100543.037978,100367.037978,100543.037978,226.9732142857143,176,82.53571428571429
3947,99937.037978,99937.037978,100565.037978,99937.037978,100565.037978,805.814393939394,628,82.12121212121212
3978,100497.037978,100497.037978,100596.037978,100497.037978,100596.037978,128.70000000000002,99,83.2
3983,100554.037978,100554.037978,100605.037978,100554.037978,100605.037978,67.634765625,51,84.875
3965,100310.037978,100310.037978,100664.037978,100310.037978,100664.037978,460.9767287234043,354,83.34042553191489
3988,100638.037978,100638.037978,100680.371311,100638.037978,100680.371311,171.15234375,127,86.25
3573,90401.037978,90586.037978,100717.871312,90481.037978,99326.037978,9750.30621954933,8845,70.55054811205846
3939,99819.037978,99819.037978,100791.037978,99819.037978,100791.037978,1233.3585164835165,972,81.20879120879121
3944,99923.037978,99923.037978,100850.037978,99923.037978,100850.037978,1193.0463362068967,927,82.36781609195403
3946,99936.037978,99936.037978,100851.037978,99936.037978,100851.037978,1183.4448529411766,915,82.7764705882353
3949,100039.037978,100039.037978,100860.037978,100039.037978,100860.037978,1066.4344879518073,821,83.13253012048193
3942,99895.037978,99895.037978,100883.037978,99895.037978,100883.037978,1269.398777173913,988,82.22826086956522
3960,100204.037978,100204.037978,100890.037978,100204.037978,100890.037978,900.68125,686,84.02857142857142
3986,100579.037978,100579.037978,100912.037978,100579.037978,100912.037978,445.08398437500006,333,85.54166666666667
3956,100132.037978,100132.037978,100929.037978,100132.037978,100929.037978,1045.1400462962963,797,83.92592592592592
3955,100108.037978,100108.037978,100951.037978,100108.037978,100951.037978,1104.8505271084339,843,83.87951807228916
3997,100906.037978,100906.037978,100951.637978,100906.037978,100951.637978,302.09999999999997,228,84.8
3984,100562.037978,100562.037978,100961.037978,100562.037978,100961.037978,530.50634765625,399,85.09375
3998,100954.037978,100954.037978,100965.037978,100954.037978,100965.037978,85.25,66,82.66666666666667
3877,98025.037978,98025.037978,100992.037978,98025.037978,100992.037978,3488.64375,2967,75.25217391304348
3951,100071.037978,100071.037978,101002.037978,100071.037978,101002.037978,1214.2730174731182,931,83.47311827956989
3959,100192.037978,100192.037978,101007.037978,100192.037978,101007.037978,1067.4135044642858,815,83.82142857142857
3985,100577.037978,100577.037978,101038.037978,100577.037978,101038.037978,606.0358952702702,461,84.13513513513513
3196,81757.037978,82032.037978,101046.221313,81847.037978,91046.037978,10610.25098448222,9199,73.81846537741734
3975,100435.037978,100435.037978,101071.037978,100435.037978,101071.037978,828.9245689655172,636,83.41379310344827
3810,96305.037978,96305.037978,101078.037978,96305.037978,101078.037978,5366.207673517521,4773,71.95417789757413
3989,100651.037978,100651.037978,101139.037978,100651.037978,101139.037978,632.0506756756756,488,82.89189189189189
3977,100489.037978,100489.037978,101140.037978,100489.037978,101140.037978,843.7302631578948,651,82.94736842105263
3962,100237.037978,100237.037978,101156.037978,100237.037978,101156.037978,1193.545006793478,919,83.1195652173913
3972,100404.037978,100404.037978,101166.037978,100404.037978,101166.037978,984.4767857142857,762,82.68571428571428
3987,100599.037978,100599.037978,101206.037978,100599.037978,101206.037978,781.3831676136364,607,82.38636363636364
3980,100515.037978,100515.037978,101229.037978,100515.037978,101229.037978,919.79296875,714,82.44642857142857
3982,100548.037978,100548.037978,101247.037978,100548.037978,101247.037978,896.4027777777778,699,82.07407407407408
3994,100848.037978,100848.037978,101249.037978,100848.037978,101249.037978,502.81640625,401,80.25
3981,100530.037978,100530.037978,101258.037978,100530.037978,101258.037978,927.7372881355933,728,81.55932203389831
4004,101249.037978,101249.037978,101295.437978,101249.037978,101295.437978,261.0,232,72.0
3973,100413.037978,100413.037978,101297.037978,100413.037978,101297.037978,1122.1344936708863,884,81.24050632911393
3992,100811.037978,100811.037978,101313.037978,100811.037978,101313.037978,620.8763888888889,502,79.15555555555555
3993,100832.037978,100832.037978,101323.037978,100832.037978,101323.037978,604.7142361111112,491,78.82222222222222
4002,101115.037978,101115.037978,101348.037978,101115.037978,101348.037978,265.58359375,233,72.95
3990,100722.037978,100722.037978,101369.037978,100722.037978,101369.037978,793.0243055555555,647,78.44444444444444
4000,101031.037978,101031.037978,101457.037978,101031.037978,101457.037978,489.3294642857143,426,73.51428571428572
4003,101238.037978,101238.037978,101459.037978,101238.037978,101459.037978,247.42391304347828,221,71.65217391304348
3061,79125.037978,79291.037978,101501.004644,79248.037978,88778.037978,10851.582154605263,9530,72.87526315789474
3788,95777.037978,95777.037978,101545.037978,95777.037978,101545.037978,6423.216796875,5768,71.27008928571429
4012,101422.037978,101422.037978,101548.237978,101422.037978,101548.237978,725.65,631,73.6
4008,101355.037978,101355.037978,101564.037978,101355.037978,101564.037978,236.5537109375,209,72.4375
4005,101259.037978,101259.037978,101578.037978,101259.037978,101578.037978,358.49158653846155,319,71.92307692307692
3999,101015.037978,101015.037978,101665.037978,101015.037978,101665.037978,745.5516581632654,650,73.40816326530613
3881,98178.037978,98178.037978,101695.037978,98178.037978,101695.037978,4131.9134352189785,3517,75.18978102189782
4015,101498.037978,101498.037978,101718.037978,101498.037978,101718.037978,250.72265625,220,72.9375
3672,92753.037978,92933.037978,101730.787978,92911.037978,100825.037978,8763.80784574468,7914,70.87234042553192
3995,100898.037978,100898.037978,101747.037978,100898.037978,101747.037978,997.1959821428572,849,75.17142857142858
3930,99548.037978,99548.037978,101758.037978,99548.037978,101758.037978,2706.2068684895835,2210,78.36979166666667
4009,101360.037978,101360.037978,101764.037978,101360.037978,101764.037978,459.3870967741936,404,72.7741935483871
4019,101631.037978,101631.037978,101825.787978,101631.037978,101825.787978,890.2857142857143,779,73.14285714285714
3786,95724.037978,95724.037978,101874.037978,95724.037978,101874.037978,6846.6796875,6150,71.25
4021,101692.037978,101692.037978,101880.037978,101692.037978,101880.037978,1067.59765625,940,72.6875
4013,101429.037978,101429.037978,101893.037978,101429.037978,101893.037978,527.7121212121211,464,72.78787878787878
4011,101400.037978,101400.037978,101907.037978,101400.037978,101907.037978,575.4361979166666,507,72.63888888888889
4001,101088.037978,101088.037978,101985.037978,101088.037978,101985.037978,1016.2374067164179,897,72.50746268656717
3290,84047.037978,89981.037978,101990.754645,84306.037978,93613.037978,10766.412388392859,9307,74.03571428571429
3886,98351.037978,98351.037978,102024.037978,98351.037978,102024.037978,4317.60196799308,3673,75.2318339100346
4030,101953.037978,101953.037978,102064.037978,101953.037978,102064.037978,126.03125000000001,111,72.66666666666667
4020,101645.037978,101645.037978,102068.037978,101645.037978,102068.037978,478.14697265625,423,72.34375
4007,101342.037978,101342.037978,102088.037978,101342.037978,102088.037978,841.1573863636362,746,72.16363636363636
4033,102006.037978,102006.037978,102093.037978,102006.037978,102093.037978,97.875,87,72.0
4034,102041.037978,102041.037978,102116.037978,102041.037978,102116.037978,83.349609375,75,71.125
4032,101963.037978,101963.037978,102158.037978,101963.037978,102158.037978,218.4228515625,195,71.6875
3974,100415.037978,100415.037978,102204.037978,100415.037978,102204.037978,2150.270043103448,1789,76.92413793103448
4028,101952.037978,101952.037978,102222.037978,101952.037978,102222.037978,302.0625,270,71.6
3010,77917.037978,77917.037978,102227.204644,77917.037978,87668.037978,11020.661458333332,9751,72.33333333333333
4037,102116.037978,102116.037978,102233.037978,102116.037978,102233.037978,131.25937499999998,117,71.8
4038,102116.037978,102116.037978,102296.037978,102116.037978,102296.037978,201.73295454545456,180,71.72727272727273
4014,101453.037978,101453.037978,102328.037978,101453.037978,102328.037978,985.443115234375,875,72.078125
4029,101952.037978,101952.037978,102329.037978,101952.037978,102329.037978,421.0846774193549,377,71.48387096774194
4018,101597.037978,101597.037978,102334.037978,101597.037978,102334.037978,826.0404575892858,737,71.73214285714286
3717,93787.037978,93817.637978,102390.304645,93817.637978,102194.637978,9189.076328479576,8377,70.20423600605143
3976,100455.037978,100455.037978,102391.037978,100455.037978,102391.037978,2301.767973856209,1936,76.09150326797386
4043,102318.037978,102318.037978,102410.037978,102318.037978,102410.037978,200.09999999999997,184,69.6
4036,102110.037978,102110.037978,102438.037978,102110.037978,102438.037978,361.11538461538464,328,70.46153846153847
4045,102364.037978,102364.037978,102455.437978,102364.037978,102455.437978,491.90972222222223,457,68.88888888888889
4041,102219.037978,102219.037978,102456.037978,102219.037978,102456.037978,258.68973214285717,237,69.85714285714286
4040,102190.037978,102190.037978,102473.037978,102190.037978,102473.037978,309.3470052083333,283,69.95833333333333
3924,99467.037978,99467.037978,102491.037978,99467.037978,102491.037978,3612.864705882353,3024,76.46274509803922
4022,101701.037978,101701.037978,102533.037978,101701.037978,102533.037978,920.359375,832,70.796875
3412,86867.037978,90623.704645,102538.75777,87442.037978,96885.037978,10763.168252511592,9443,72.94744976816074
4027,101871.037978,101871.037978,102585.037978,101871.037978,102585.037978,781.5246710526316,714,70.05263157894737
4047,102411.037978,102411.037978,102605.037978,102411.037978,102605.037978,201.767578125,194,66.5625
4039,102168.037978,102168.037978,102673.037978,102168.037978,102673.037978,541.1307565789474,505,68.57894736842105
4053,102591.037978,102591.037978,102678.704645,102591.037978,102678.704645,275.91517857142856,263,67.14285714285714
4046,102409.037978,102409.037978,102691.371311,102409.037978,102691.371311,885.644375,847,66.92
4024,101741.037978,101741.037978,102720.037978,101741.037978,102720.037978,1066.8080357142858,979,69.74025974025975
3847,97189.037978,97189.037978,102745.037978,97189.037978,102745.037978,6317.232038551401,5556,72.76869158878505
3857,97498.037978,97498.037978,102833.037978,97498.037978,102833.037978,6097.403626824817,5335,73.14598540145985
4061,102730.037978,102730.037978,102835.037978,102730.037978,102835.037978,117.099609375,105,71.375
4050,102542.037978,102542.037978,102841.037978,102542.037978,102841.037978,319.484375,299,68.38461538461539
3617,91598.037978,91601.037978,102852.904645,91601.037978,100306.037978,9696.749078837596,8705,71.29143492769744
4056,102674.037978,102674.037978,102900.037978,102674.037978,102900.037978,246.86647727272728,226,69.9090909090909
3719,93863.037978,93863.037978,102947.787978,93863.037978,102562.037978,9524.822477678572,8699,70.07571428571428
4042,102248.037978,102248.037978,102957.037978,102248.037978,102957.037978,762.2145647321429,709,68.80357142857143
3864,97609.037978,97609.037978,102965.037978,97609.037978,102965.037978,6132.513600244499,5356,73.27872860635696
4069,102945.037978,102945.037978,103003.287978,102945.037978,103003.287978,257.27083333333337,233,70.66666666666667
4026,101863.037978,101863.037978,103019.704645,101863.037978,103019.704645,3784.818548387097,3470,69.80645161290323
4035,102101.037978,102101.037978,103042.037978,102101.037978,103042.037978,1018.4894425675676,941,69.27027027027027
3277,83557.037978,90623.704645,103080.241103,83914.554645,93619.554645,11192.499755859375,9705,73.809375
4054,102627.037978,102627.037978,103109.037978,102627.037978,103109.037978,523.3201013513514,482,69.48648648648648
4016,101538.037978,101538.037978,103210.037978,101538.037978,103210.037978,5502.552,5016,70.208
4067,102885.037978,102885.037978,103239.037978,102885.037978,103239.037978,384.8169642857143,354,69.57142857142857
4075,103156.037978,103156.037978,103243.704645,103156.037978,103243.704645,287.65625,263,70.0
4060,102724.037978,102724.037978,103255.037978,102724.037978,103255.037978,580.55078125,531,69.97222222222223
4074,103140.037978,103140.037978,103259.704645,103140.037978,103259.704645,778.5812500000001,718,69.4
3035,78423.037978,78500.037978,103271.241103,78496.037978,88426.037978,11238.586173787808,9930,72.43398943831014
3996,100901.037978,100901.037978,103280.037978,100901.037978,103280.037978,2664.859799592391,2379,71.69021739130434
3765,95160.037978,95160.037978,103287.037978,95160.037978,103287.037978,8959.43047752809,8127,70.5553772070626
4073,103136.037978,103136.037978,103293.837978,103136.037978,103293.837978,844.065625,789,68.46666666666667
4076,103192.037978,103192.037978,103299.037978,103192.037978,103299.037978,114.07331730769229,107,68.23076923076923
4070,102997.037978,102997.037978,103332.037978,102997.037978,103332.037978,356.35625,335,68.08
4064,102823.037978,102823.037978,103398.037978,102823.037978,103398.037978,616.9967296511628,575,68.67441860465117
3716,93787.037978,93850.037978,103415.104645,93848.037978,102864.037978,9858.775168918919,9016,69.98243243243243
4062,102732.037978,102732.037978,103457.037978,102732.037978,103457.037978,775.296875,725,68.44
4051,102581.037978,102581.037978,103477.037978,102581.037978,103477.037978,952.6176470588236,896,68.04411764705883
4071,103056.037978,103056.037978,103480.037978,103056.037978,103480.037978,440.35546875,424,66.46875
4068,102886.037978,102886.037978,103506.037978,102886.037978,103506.037978,650.5694444444443,620,67.15555555555555
4084,103478.037978,103478.037978,103593.837978,103478.037978,103593.837978,591.3366477272727,579,65.36363636363636
4059,102718.037978,102718.037978,103631.037978,102718.037978,103631.037978,967.933302238806,913,67.85074626865672
4057,102679.037978,102679.037978,103632.037978,102679.037978,103632.037978,1009.8360475352113,953,67.8169014084507
4058,102705.037978,102705.037978,103643.037978,102705.037978,103643.037978,993.69375,938,67.8
3732,94284.037978,94297.037978,103679.037978,94297.037978,103457.037978,9982.91953232462,9160,69.74965612104539
4083,103422.037978,103422.037978,103700.037978,103422.037978,103700.037978,284.29843750000003,278,65.45
4077,103239.037978,103239.037978,103722.037978,103239.037978,103722.037978,494.8040865384616,483,65.56410256410257
3607,91311.037978,91311.037978,103782.037978,91311.037978,100702.037978,10414.39740114796,9391,70.97448979591837
3818,96572.037978,96572.037978,103807.037978,96572.037978,103807.037978,8057.527441756272,7235,71.27598566308244
3843,97118.037978,97118.037978,103821.037978,97118.037978,103821.037978,7525.824587844489,6703,71.85629921259843
4066,102852.037978,102852.037978,103822.037978,102852.037978,103822.037978,1013.2721920289854,970,66.85507246376811
4079,103363.037978,103363.037978,103847.037978,103363.037978,103847.037978,490.7449324324324,484,64.89189189189189
3774,95342.037978,95342.037978,103850.037978,95342.037978,103849.037978,9352.513800883256,8507,70.36098310291858
4095,103762.037978,103762.037978,103875.037978,103762.037978,103875.037978,113.48153409090908,113,64.27272727272727
3901,98740.037978,98740.037978,103881.037978,98740.037978,103881.037978,5870.2844057881775,5141,73.07881773399015
4101,103886.037978,103886.037978,103936.037978,103886.037978,103936.037978,50.260416666666664,50,64.33333333333333
3791,95918.037978,95918.037978,103950.621312,95918.037978,103922.037978,8820.8082,8004,70.5312
4082,103417.037978,103417.037978,103974.037978,103417.037978,103974.037978,563.054347826087,557,64.69565217391305
3964,100289.037978,100289.037978,104012.037978,100289.037978,104012.037978,4244.265625,3723,72.96078431372548
4094,103735.037978,103735.037978,104013.037978,103735.037978,104013.037978,279.33653846153845,278,64.3076923076923
3904,98797.037978,98797.037978,104023.037978,98797.037978,103960.037978,5876.054048978365,5163,72.8389423076923
4098,103868.037978,103868.037978,104027.204645,103868.037978,104027.204645,958.1414473684212,955,64.21052631578948
4078,103257.037978,103257.037978,104033.037978,103257.037978,104033.037978,785.5530303030301,776,64.78787878787878
4107,104021.037978,104021.037978,104059.871311,104021.037978,104059.871311,232.27187499999997,233,63.8
3991,100764.037978,100764.037978,104071.037978,100764.037978,104071.037978,3642.76743484556,3307,70.4980694980695
4031,101953.037978,101953.037978,104088.037978,101953.037978,104088.037978,2252.0574476047905,2135,67.50898203592814
4085,103501.037978,103501.037978,104091.037978,103501.037978,104091.037978,594.157475490196,590,64.45098039215686
4100,103876.037978,103876.037978,104128.037978,103876.037978,104128.037978,252.0,252,63.125
4089,103572.037978,103572.037978,104164.037978,103572.037978,104164.037978,592.0,592,63.90384615384615
4080,103382.037978,103382.037978,104193.037978,103382.037978,104193.037978,811.0,811,63.7887323943662
3419,87097.037978,90645.037978,104210.624436,87684.037978,97565.037978,11141.583609784147,9881,72.16489738145789
4086,103503.037978,103503.037978,104223.037978,103503.037978,104223.037978,720.0,720,63.70967741935484
4081,103386.037978,103386.037978,104233.037978,103386.037978,104233.037978,847.0,847,63.68493150684932
4110,104136.037978,104136.037978,104242.037978,104136.037978,104242.037978,106.0,106,60.81818181818182
4088,103522.037978,103522.037978,104260.037978,103522.037978,104260.037978,738.0,738,63.38095238095238
4102,103934.037978,103934.037978,104262.037978,103934.037978,104262.037978,328.0,328,61.861111111111114
4092,103645.037978,103645.037978,104284.037978,103645.037978,104284.037978,639.0,639,62.49180327868852
4114,104174.037978,104174.037978,104285.037978,104174.037978,104285.037978,111.0,111,60.0
4111,104163.037978,104163.037978,104316.037978,104163.037978,104316.037978,153.0,153,60.04761904761905
4112,104165.037978,104165.037978,104357.287978,104165.037978,104357.287978,720.9375,769,60.0
4091,103588.037978,103588.037978,104408.037978,103588.037978,104408.037978,820.0,820,62.567567567567565
4117,104270.037978,104270.037978,104409.037978,104270.037978,104409.037978,139.0,139,59.92307692307692
4108,104093.037978,104093.037978,104425.037978,104093.037978,104425.037978,332.0,332,59.90625
4093,103706.037978,103706.037978,104427.037978,103706.037978,104427.037978,721.0,721,61.927536231884055
4087,103506.037978,103506.037978,104435.037978,103506.037978,104435.037978,929.0,929,62.38823529411765
4099,103876.037978,103876.037978,104457.037978,103876.037978,104457.037978,581.0,581,61.09836065573771
3957,100138.037978,100156.037978,104463.037978,100156.037978,104243.037978,4571.005208333334,4087,71.5792349726776
4090,103583.037978,103583.037978,104488.037978,103583.037978,104488.037978,905.0,905,62.07954545454545
4105,103973.037978,103973.037978,104505.037978,103973.037978,104505.037978,532.0,532,60.49122807017544
4128,104464.037978,104464.037978,104508.537978,104464.037978,104508.537978,164.09375,178,59.0
4096,103782.037978,103782.037978,104532.037978,103782.037978,104532.037978,750.0,750,61.12658227848101
4127,104453.037978,104453.037978,104562.037978,104453.037978,104562.037978,109.0,109,58.75
4132,104575.037978,104575.037978,104609.037978,104575.037978,104609.037978,92.96875,102,58.333333333333336
3745,94665.037978,94665.037978,104627.732422,94665.037978,104016.037978,10062.238901683608,9351,68.86785260482846
4122,104347.037978,104347.037978,104633.037978,104347.037978,104633.037978,286.0,286,59.03225806451613
4129,104483.037978,104483.037978,104671.371311,104483.037978,104671.371311,520.859375,565,59.0
4134,104609.037978,104609.037978,104688.037978,104609.037978,104688.037978,79.0,79,60.0
4121,104327.037978,104327.037978,104691.037978,104327.037978,104691.037978,364.0,364,59.21052631578947
4106,104006.037978,104006.037978,104739.037978,104006.037978,104739.037978,733.0,733,59.98684210526316
4115,104257.037978,104257.037978,104779.037978,104257.037978,104779.037978,522.0,522,59.375
4113,104169.037978,104169.037978,104795.037978,104169.037978,104795.037978,626.0,626,59.72727272727273
4044,102331.037978,102331.037978,104797.037978,102331.037978,104797.037978,2474.6830985915494,2466,64.22535211267606
4103,103943.037978,103943.037978,104830.037978,103943.037978,104830.037978,887.0,887,60.526881720430104
4130,104522.037978,104522.037978,104839.037978,104522.037978,104839.037978,317.0,317,60.42424242424242
4097,103831.037978,103831.037978,104845.037978,103831.037978,104845.037978,3856.308962264151,4056,60.84905660377358
4140,104734.037978,104734.037978,104851.037978,104734.037978,104851.037978,226.2573529411765,234,61.88235294117647
4136,104627.037978,104627.037978,104858.037978,104627.037978,104858.037978,231.0,231,61.275862068965516
4126,104431.037978,104431.037978,104873.037978,104431.037978,104873.037978,442.0,442,60.244897959183675
4118,104280.037978,104280.037978,104875.037978,104280.037978,104875.037978,595.0,595,60.06060606060606
4141,104739.037978,104739.037978,104888.037978,104739.037978,104888.037978,149.0,149,61.63636363636363
4150,104855.037978,104855.037978,104925.371311,104855.037978,104925.371311,199.04882812499997,211,60.375
4131,104527.037978,104527.037978,104946.037978,104527.037978,104946.037978,419.0,419,60.46666666666667
4135,104623.037978,104623.037978,104950.037978,104623.037978,104950.037978,327.0,327,60.84615384615385
3966,100315.037978,100364.037978,104950.971311,100354.037978,104719.037978,4745.448200992556,4365,69.57816377171216
4146,104792.037978,104792.037978,104953.037978,104792.037978,104953.037978,161.0,161,60.91304347826087
4138,104669.037978,104669.037978,104974.037978,104669.037978,104974.037978,305.0,305,60.51282051282051
4142,104740.037978,104740.037978,105008.037978,104740.037978,105008.037978,268.0,268,60.416666666666664
4139,104683.037978,104683.037978,105022.037978,104683.037978,105022.037978,339.0,339,60.325581395348834
4124,104428.037978,104428.037978,105097.037978,104428.037978,105097.037978,669.0,669,59.76056338028169
4149,104854.037978,104854.037978,105103.037978,104854.037978,105103.037978,249.0,249,59.16
4157,104996.037978,104996.037978,105137.204645,104996.037978,105137.204645,782.482421875,847,59.125
4120,104313.037978,104313.037978,105193.037978,104313.037978,105193.037978,880.0,880,59.654761904761905
4145,104779.037978,104779.037978,105198.037978,104779.037978,105198.037978,419.0,419,59.8421052631579
4156,104984.037978,104984.037978,105234.037978,104984.037978,105234.037978,250.0,250,57.53333333333333
4161,105216.037978,105216.037978,105263.371311,105216.037978,105263.371311,125.13749999999999,142,56.4
4147,104797.037978,104797.037978,105297.037978,104797.037978,105297.037978,500.0,500,58.853658536585364
3623,91705.037978,94611.037978,105327.832422,91888.037978,101501.037978,10449.924151867031,9613,69.57194899817851
4162,105224.037978,105224.037978,105343.037978,105224.037978,105343.037978,119.0,119,55.888888888888886
4143,104762.037978,104762.037978,105374.037978,104762.037978,105374.037978,612.0,612,58.925925925925924
4144,104777.037978,104777.037978,105387.037978,104777.037978,105387.037978,610.0,610,58.719298245614034
4125,104428.037978,104428.037978,105420.037978,104428.037978,105420.037978,992.0,992,58.880434782608695
4170,105425.037978,105425.037978,105520.037978,105425.037978,105520.037978,95.0,95,57.75
3979,100508.037978,100526.037978,105538.471312,100526.037978,105172.037978,4897.787545509708,4646,67.46844660194175
4155,104959.037978,104959.037978,105545.037978,104959.037978,105545.037978,586.0,586,56.91891891891892
4151,104875.037978,104875.037978,105546.037978,104875.037978,105546.037978,671.0,671,57.270833333333336
4160,105212.037978,105212.037978,105578.037978,105212.037978,105578.037978,366.0,366,56.25
4174,105576.037978,105576.037978,105594.704645,105576.037978,105594.704645,49.583333333333336,56,56.666666666666664
4173,105551.037978,105551.037978,105634.371311,105551.037978,105634.371311,218.75,250,56.0
4171,105481.037978,105481.037978,105650.037978,105481.037978,105650.037978,169.0,169,56.61538461538461
4159,104996.037978,104996.037978,105659.037978,104996.037978,105659.037978,663.0,663,56.51219512195122
4158,104996.037978,104996.037978,105726.437978,104996.037978,105726.437978,3217.8288043478256,3652,56.391304347826086
4176,105662.037978,105662.037978,105753.037978,105662.037978,105753.037978,311.67499999999995,364,54.8
4023,101720.037978,101720.037978,105783.037978,101720.037978,105783.037978,4063.0,4063,63.76807228915663
3875,97963.037978,97963.037978,105815.099089,97963.037978,104861.037978,7422.200943017657,6898,68.86356340288924
4154,104955.037978,104955.037978,105831.037978,104955.037978,105831.037978,876.0,876,56.172413793103445
4178,105709.037978,105709.037978,105865.037978,105709.037978,105865.037978,156.0,156,54.76923076923077
3920,99407.037978,99407.037978,105986.137978,99407.037978,104982.037978,5983.246291893116,5575,68.68659420289855
4195,105973.037978,105973.037978,106064.037978,105973.037978,106064.037978,96.865234375,91,68.125
4189,105929.037978,105929.037978,106099.037978,105929.037978,106099.037978,175.3125,170,66.0
4193,105965.037978,105965.037978,106105.037978,105965.037978,106105.037978,148.203125,140,67.75
3299,84361.037978,90649.037978,106120.721311,84783.037978,94673.037978,11124.459074917217,9890,71.98841059602648
4164,105329.037978,105329.037978,106136.037978,105329.037978,106136.037978,807.0,807,58.98412698412698
4168,105375.037978,105375.037978,106155.037978,105375.037978,106155.037978,780.0,780,59.66101694915254
4181,105828.037978,105828.037978,106164.037978,105828.037978,106164.037978,336.0,336,63.34375
3970,100379.037978,100992.037978,106178.037978,100436.037978,105622.037978,5452.8183634020625,5186,67.29278350515465
4200,106053.037978,106053.037978,106217.787978,106053.037978,106217.787978,703.4052734375,659,68.3125
4185,105870.037978,105870.037978,106340.037978,105870.037978,106340.037978,485.29947916666663,470,66.08333333333333
4197,106007.037978,106007.037978,106341.037978,106007.037978,106341.037978,716.4300000000001,668,68.64
4177,105672.037978,105672.037978,106341.037978,105672.037978,106341.037978,669.0,669,63.301886792452834
4166,105369.037978,105369.037978,106341.037978,105369.037978,106341.037978,972.0,972,61.246753246753244
4172,105492.037978,105492.037978,106366.037978,105492.037978,106366.037978,874.0,874,62.08571428571429
4196,106000.037978,106000.037978,106384.037978,106000.037978,106384.037978,411.48387096774195,384,68.58064516129032
4148,104823.037978,104823.037978,106391.287978,104823.037978,106391.287978,5926.416749999999,6273,60.464
4212,106404.037978,106404.037978,106448.037978,106404.037978,106448.037978,46.0625,44,67.0
4184,105846.037978,105846.037978,106474.037978,105846.037978,106474.037978,651.1426886792452,628,66.35849056603773
4211,106351.037978,106351.037978,106478.037978,106351.037978,106478.037978,134.77213541666669,127,67.91666666666667
4180,105821.037978,105821.037978,106488.037978,105821.037978,106488.037978,681.7643229166667,667,65.41666666666667
4175,105633.037978,105633.037978,106495.037978,105633.037978,106495.037978,862.0,862,63.64383561643836
4204,106177.037978,106177.037978,106497.037978,106177.037978,106497.037978,341.60714285714283,320,68.32142857142857
3835,96960.037978,96960.037978,106545.767145,96960.037978,104737.037978,8299.548914817231,7777,68.30026109660574
4215,106454.037978,106454.037978,106556.037978,106454.037978,106556.037978,107.7109375,102,67.58333333333333
4216,106459.037978,106459.037978,106579.037978,106459.037978,106579.037978,126.40625000000001,120,67.41666666666667
4219,106543.037978,106543.037978,106613.037978,106543.037978,106613.037978,219.1875,210,66.8
4187,105888.037978,105888.037978,106618.037978,105888.037978,106618.037978,764.592725409836,730,67.0327868852459
4203,106173.037978,106173.037978,106741.037978,106173.037978,106741.037978,598.546511627907,568,67.44186046511628
4220,106641.037978,106641.037978,106767.537978,106641.037978,106767.537978,261.400390625,253,66.125
4223,106740.037978,106740.037978,106772.037978,106740.037978,106772.037978,33.666666666666664,32,67.33333333333333
4224,106740.037978,106740.037978,106777.037978,106740.037978,106777.037978,194.63541666666666,185,67.33333333333333
4188,105918.037978,105918.037978,106791.037978,105918.037978,106791.037978,913.732421875,873,66.98611111111111
4183,105841.037978,105841.037978,106801.037978,105841.037978,106801.037978,992.5925925925925,960,66.17283950617283
4202,106138.037978,106138.037978,106833.037978,106138.037978,106833.037978,730.0990513392858,695,67.23214285714286
4201,106117.037978,106117.037978,106902.037978,106117.037978,106902.037978,824.5665322580644,785,67.2258064516129
4214,106450.037978,106450.037978,106918.037978,106450.037978,106918.037978,486.1824324324324,468,66.48648648648648
4207,106226.037978,106226.037978,106922.037978,106226.037978,106922.037978,729.4305555555555,696,67.07407407407408
4191,105948.037978,105948.037978,106923.037978,105948.037978,106923.037978,1022.5839120370371,975,67.12345679012346
4199,106053.037978,106053.037978,106925.037978,106053.037978,106925.037978,917.1678082191783,872,67.31506849315069
4198,106018.037978,106018.037978,106940.037978,106018.037978,106940.037978,969.2525,922,67.28
4225,106741.037978,106741.037978,106945.037978,106741.037978,106945.037978,210.375,204,66.0
4210,106340.037978,106340.037978,106975.037978,106340.037978,106975.037978,660.3362165178571,635,66.55357142857143
4006,101269.037978,101269.037978,107081.037978,101269.037978,107015.037978,5807.760350318472,5746,64.68789808917198
4208,106256.037978,106256.037978,107144.037978,106256.037978,107144.037978,922.5839552238806,888,66.49253731343283
4209,106317.037978,106317.037978,107162.037978,106317.037978,107162.037978,877.3180970149253,845,66.44776119402985
4242,107228.037978,107228.037978,107264.037978,107228.037978,107264.037978,38.4375,36,68.33333333333333
4217,106504.037978,106504.037978,107315.037978,106504.037978,107315.037978,834.9357638888888,811,65.88888888888889
4227,106796.037978,106796.037978,107341.037978,106796.037978,107341.037978,561.3013392857143,545,65.91428571428571
4218,106539.037978,106539.037978,107349.037978,106539.037978,107349.037978,835.3125,810,66.0
4236,107044.037978,107044.037978,107373.037978,107044.037978,107373.037978,345.19296875000003,329,67.15
3673,92769.037978,94615.704645,107383.954647,93110.037978,102795.037978,10328.732593911916,9685,68.25388601036269
4213,106449.037978,106449.037978,107428.037978,106449.037978,107428.037978,1016.1799045138889,979,66.43055555555556
4233,106951.037978,106951.037978,107442.037978,106951.037978,107442.037978,511.8992456896551,491,66.72413793103448
4232,106919.037978,106919.037978,107452.037978,106919.037978,107452.037978,553.5889756944446,533,66.47222222222223
4243,107237.037978,107237.037978,107571.037978,107237.037978,107571.037978,356.40992647058823,334,68.29411764705883
4222,106702.037978,106702.037978,107572.037978,106702.037978,107572.037978,902.4342105263157,870,66.3859649122807
4245,107288.037978,107288.037978,107574.037978,107288.037978,107574.037978,303.037109375,286,67.8125
4234,106990.037978,106990.037978,107645.037978,106990.037978,107645.037978,681.4889705882354,655,66.58823529411765
4244,107283.037978,107283.037978,107649.037978,107283.037978,107649.037978,383.7008928571429,366,67.0952380952381
4230,106899.037978,106899.037978,107652.037978,106899.037978,107652.037978,777.7568359375,753,66.10416666666667
4226,106780.037978,106780.037978,107675.037978,106780.037978,107675.037978,921.5220905172414,895,65.89655172413794
4238,107087.037978,107087.037978,107678.037978,107087.037978,107678.037978,611.9645270270271,591,66.27027027027027
4221,106697.037978,106697.037978,107680.037978,106697.037978,107680.037978,1011.555457746479,983,65.85915492957747
4228,106800.037978,106800.037978,107721.037978,106800.037978,107721.037978,945.6033266129032,921,65.70967741935483
4048,102441.037978,102441.037978,107769.037978,102441.037978,107769.037978,5328.0,5328,63.41355140186916
4257,107694.037978,107694.037978,107823.037978,107694.037978,107823.037978,132.275390625,129,65.625
4241,107208.037978,107208.037978,107861.037978,107208.037978,107861.037978,674.5399305555555,653,66.11111111111111
4240,107188.037978,107188.037978,107908.037978,107188.037978,107908.037978,745.6500000000001,720,66.28
4251,107590.037978,107590.037978,107922.704645,107590.037978,107922.704645,1020.8337053571427,998,65.46428571428571
4239,107108.037978,107108.037978,107948.037978,107108.037978,107948.037978,871.640625,840,66.41071428571429
4253,107673.037978,107673.037978,107985.037978,107673.037978,107985.037978,323.66517857142856,312,66.39285714285714
4237,107068.037978,107068.037978,107997.037978,107068.037978,107997.037978,965.6346726190476,929,66.52380952380952
3894,98510.037978,98613.037978,108045.654645,98577.721311,106112.721311,8042.163461538462,7535,68.3076923076923
4246,107368.037978,107368.037978,108130.037978,107368.037978,108130.037978,795.0729166666666,762,66.77777777777777
4169,105384.037978,105384.037978,108191.537978,105384.037978,108191.537978,5684.838308457712,5615,64.79601990049751
4255,107677.037978,107677.037978,108215.037978,107677.037978,108215.037978,572.5098684210527,538,68.10526315789474
4265,107881.037978,107881.037978,108217.037978,107881.037978,108217.037978,367.9565217391304,336,70.08695652173913
4248,107375.037978,107375.037978,108221.037978,107375.037978,108221.037978,890.2144396551723,846,67.34482758620689
4270,107999.037978,107999.037978,108260.037978,107999.037978,108260.037978,289.2919921875,261,70.9375
4250,107576.037978,107576.037978,108319.037978,107576.037978,108319.037978,785.9976851851852,743,67.70370370370371
4252,107653.037978,107653.037978,108343.037978,107653.037978,108343.037978,734.85,690,68.16
4276,108180.037978,108180.037978,108353.037978,108180.037978,108353.037978,193.16947115384616,173,71.46153846153847
4277,108193.037978,108193.037978,108356.037978,108193.037978,108356.037978,181.04036458333331,163,71.08333333333333
4262,107843.037978,107843.037978,108362.037978,107843.037978,108362.037978,566.1220439189188,519,69.8108108108108
4119,104280.037978,104280.037978,108376.037978,104280.037978,108376.037978,4096.0,4096,63.254658385093165
4249,107426.037978,107426.037978,108405.037978,107426.037978,108405.037978,1037.6021126760563,979,67.83098591549296
4259,107749.037978,107749.037978,108409.037978,107749.037978,108409.037978,715.140306122449,660,69.34693877551021
4260,107749.037978,107749.037978,108423.037978,107749.037978,108423.037978,730.9547193877552,674,69.40816326530613
4116,104260.037978,104260.037978,108471.037978,104260.037978,108471.037978,4211.0,4211,63.29216867469879
4275,108146.037978,108146.037978,108477.037978,108146.037978,108477.037978,362.21595982142856,331,70.03571428571429
4137,104666.037978,104666.037978,108491.037978,104666.037978,108491.037978,3825.0,3825,63.91126279863481
4278,108255.037978,108255.037978,108508.037978,108255.037978,108508.037978,272.9303385416667,253,69.04166666666667
4235,107030.037978,107030.037978,108527.037978,107030.037978,108527.037978,4745.207547169812,4491,67.62264150943396
4264,107865.037978,107865.037978,108532.037978,107865.037978,108532.037978,722.4522405660377,667,69.32075471698113
4286,108439.037978,108439.037978,108538.371311,108439.037978,108538.371311,313.2386363636364,298,67.27272727272727
4258,107742.037978,107742.037978,108566.037978,107742.037978,108566.037978,884.8096153846152,824,68.72307692307692
3239,82731.037978,90867.037978,108572.053811,82918.037978,92820.037978,11081.831149432088,9902,71.6256507335542
4254,107675.037978,107675.037978,108575.037978,107675.037978,108575.037978,958.3124999999999,900,68.14666666666666
4266,107903.037978,107903.037978,108579.037978,107903.037978,108579.037978,727.719827586207,676,68.89655172413794
4049,102504.037978,102504.037978,108584.037978,102504.037978,108584.037978,6086.605316973414,6080,64.06952965235173
4261,107804.037978,107804.037978,108631.037978,107804.037978,108631.037978,882.3274647887324,827,68.28169014084507
4285,108431.037978,108431.037978,108634.037978,108431.037978,108634.037978,208.83625,203,65.84
4267,107937.037978,107937.037978,108691.037978,107937.037978,108691.037978,803.0307904411764,754,68.16176470588235
4284,108370.037978,108370.037978,108710.037978,108370.037978,108710.037978,353.3530405405405,340,66.51351351351352
4287,108498.037978,108498.037978,108711.037978,108498.037978,108711.037978,218.82421875,213,65.75
4300,108690.037978,108690.037978,108742.037978,108690.037978,108742.037978,54.97916666666667,52,67.66666666666667
4163,105250.037978,105250.037978,108742.037978,105250.037978,108742.037978,3546.5625,3492,65.0
4273,108098.037978,108098.037978,108779.037978,108098.037978,108779.037978,721.9502840909091,681,67.84848484848484
4256,107681.037978,107681.037978,108825.037978,107681.037978,108825.037978,1210.1002604166667,1144,67.69791666666667
4279,108279.037978,108279.037978,108827.037978,108279.037978,108827.037978,573.9827586206897,548,67.03448275862068
4268,107951.037978,107951.037978,108876.037978,107951.037978,108876.037978,981.3488924050633,925,67.89873417721519
4283,108370.037978,108370.037978,108910.037978,108370.037978,108910.037978,561.9374999999999,540,66.6
4282,108363.037978,108363.037978,108963.037978,108363.037978,108963.037978,625.7415254237287,600,66.7457627118644
4313,108983.037978,108983.037978,108988.537978,108983.037978,108988.537978,36.609375,33,71.0
4301,108716.037978,108716.037978,109023.037978,108716.037978,109023.037978,324.7884114583333,307,67.70833333333333
4307,108900.037978,108900.037978,109031.037978,108900.037978,109031.037978,141.81919642857144,131,69.28571428571429
4025,101851.037978,101851.037978,109039.704645,101851.037978,108936.037978,7182.601039879932,7085,64.88164665523156
4309,108908.037978,108908.037978,109049.537978,108908.037978,109049.537978,616.5357142857142,566,69.71428571428571
4274,108104.037978,108104.037978,109075.037978,108104.037978,109075.037978,1031.6875,971,68.0
4289,108517.037978,108517.037978,109105.037978,108517.037978,109105.037978,615.7236842105264,588,67.01754385964912
4315,109026.037978,109026.037978,109115.037978,109026.037978,109115.037978,96.33238636363636,89,69.27272727272727
4291,108566.037978,108566.037978,109128.037978,108566.037978,109128.037978,590.2596590909092,562,67.21818181818182
4281,108363.037978,108363.037978,109144.037978,108363.037978,109144.037978,822.2434731012659,781,67.37974683544304
4311,108955.037978,108955.037978,109164.371311,108955.037978,109164.371311,680.6306818181818,628,69.36363636363636
4052,102588.037978,102588.037978,109186.037978,102588.037978,109132.037978,6585.128491620112,6544,64.40223463687151
4229,106852.037978,106852.037978,109196.037978,106852.037978,109196.037978,2463.2302989130435,2344,67.2554347826087
4312,108981.037978,108981.037978,109206.037978,108981.037978,109206.037978,242.27241847826087,225,68.91304347826087
4294,108619.037978,108619.037978,109318.037978,108619.037978,109318.037978,739.2202380952381,699,67.68253968253968
4310,108953.037978,108953.037978,109326.037978,108953.037978,109326.037978,400.68359375,373,68.75
4109,104115.037978,104115.037978,109326.037978,104115.037978,109326.037978,5211.0,5211,63.95813953488372
4190,105946.037978,105946.037978,109370.037978,105946.037978,109370.037978,3598.7140221402215,3424,67.26568265682657
4327,109278.037978,109278.037978,109387.037978,109278.037978,109387.037978,119.70535714285715,109,70.28571428571429
4299,108673.037978,108673.037978,109398.037978,108673.037978,109398.037978,771.4087701612904,725,68.09677419354838
4296,108657.037978,108657.037978,109409.287978,108657.037978,109409.287978,3194.2555970149256,3009,67.94029850746269
4055,102644.037978,102644.037978,109421.037978,102644.037978,109367.037978,6777.328040235081,6723,64.51717902350813
4293,108609.037978,108609.037978,109462.037978,108609.037978,109462.037978,901.8697916666667,853,67.66666666666667
4318,109113.037978,109113.037978,109464.037978,109113.037978,109464.037978,372.5836693548387,351,67.93548387096774
3923,99443.037978,99796.037978,109470.454645,99483.187978,107326.187978,8362.819125911301,7843,68.24179829890645
4329,109390.037978,109390.037978,109478.037978,109390.037978,109478.037978,91.375,88,66.45454545454545
4323,109217.037978,109217.037978,109523.037978,109217.037978,109523.037978,322.93359375,306,67.54166666666667
4297,108660.037978,108660.037978,109541.037978,108660.037978,109541.037978,931.1720805921052,881,67.64473684210526
4305,108806.037978,108806.037978,109627.037978,108806.037978,109627.037978,868.905029296875,821,67.734375
4302,108754.037978,108754.037978,109629.037978,108754.037978,109629.037978,923.7432065217391,875,67.56521739130434
4308,108905.037978,108905.037978,109640.037978,108905.037978,109640.037978,776.4190573770493,735,67.60655737704919
3952,100071.037978,101166.037978,109788.921312,100354.037978,108287.037978,8409.356566455695,7933,67.84303797468354
4336,109664.037978,109664.037978,109829.037978,109664.037978,109829.037978,169.296875,165,65.66666666666667
4314,109007.037978,109007.037978,109865.037978,109007.037978,109865.037978,899.516129032258,858,67.09677419354838
4319,109114.037978,109114.037978,109873.037978,109114.037978,109873.037978,789.7887620192307,759,66.59615384615384
4343,109879.037978,109879.037978,109914.037978,109879.037978,109914.037978,36.276041666666664,35,66.33333333333333
4321,109209.037978,109209.037978,109983.037978,109209.037978,109983.037978,801.966796875,774,66.3125
4335,109629.037978,109629.037978,109984.037978,109629.037978,109984.037978,363.7582236842105,355,65.57894736842105
4339,109732.037978,109732.037978,110004.537978,109732.037978,110004.537978,1697.2705078125,1635,66.4375
4326,109278.037978,109278.037978,110012.037978,109278.037978,110012.037978,760.1097074468084,734,66.27659574468085
4317,109085.037978,109085.037978,110016.037978,109085.037978,110016.037978,967.9266826923076,931,66.53846153846153
4340,109734.037978,109734.037978,110061.037978,109734.037978,110061.037978,336.96328125,327,65.95
3891,98468.037978,98613.037978,110062.87131,98500.037978,106877.037978,8917.208372961957,8377,68.12717391304348
4320,109143.037978,109143.037978,110067.037978,109143.037978,110067.037978,954.4541015625,924,66.109375
4348,110036.037978,110036.037978,110075.037978,110036.037978,110075.037978,39.0,39,63.714285714285715
4344,109901.037978,109901.037978,110081.037978,109901.037978,110081.037978,181.875,180,64.66666666666667
4332,109477.037978,109477.037978,110091.037978,109477.037978,110091.037978,620.3178353658536,614,64.65853658536585
4123,104381.037978,104381.037978,110112.037978,104381.037978,110112.037978,5759.80391821663,5731,64.32166301969366
4324,109222.037978,109222.037978,110114.037978,109222.037978,110114.037978,913.1240234375,892,65.515625
4328,109315.037978,109315.037978,110187.037978,109315.037978,110187.037978,887.7876984126985,872,65.15873015873017
4322,109213.037978,109213.037978,110207.037978,109213.037978,110207.037978,1013.9062500000001,994,65.28169014084507
4263,107850.037978,107850.037978,110220.037978,107850.037978,110220.037978,2480.5181347150256,2370,66.98445595854922
4341,109739.037978,109739.037978,110294.037978,109739.037978,110294.037978,556.083984375,555,64.125
4345,109945.037978,109945.037978,110330.037978,109945.037978,110330.037978,385.0,385,63.36363636363637
4358,110270.037978,110270.037978,110366.037978,110270.037978,110366.037978,96.66666666666667,96,64.44444444444444
4356,110212.037978,110212.037978,110379.537978,110212.037978,110379.537978,335.4026442307692,335,64.07692307692308
4334,109624.037978,109624.037978,110383.037978,109624.037978,110383.037978,760.4070444915254,759,64.11864406779661
4333,109496.037978,109496.037978,110406.037978,109496.037978,110406.037978,911.8055555555555,910,64.12698412698413
4363,110356.037978,110356.037978,110470.037978,110356.037978,110470.037978,116.00390625,114,65.125
4359,110323.037978,110323.037978,110521.037978,110323.037978,110521.037978,200.126953125,198,64.6875
4133,104582.037978,104582.037978,110531.037978,104582.037978,110531.037978,5999.683492726293,5949,64.54525862068965
4010,101369.037978,101369.037978,110640.021312,101369.037978,109591.037978,8389.16841471802,8222,65.30123796423659
4372,110643.037978,110643.037978,110715.037978,110643.037978,110715.037978,76.875,72,68.33333333333333
4352,110112.037978,110112.037978,110760.037978,110112.037978,110760.037978,655.3406249999999,648,64.725
4347,110023.037978,110023.037978,110761.037978,110023.037978,110761.037978,742.7865566037735,738,64.41509433962264
4072,103069.037978,103069.037978,110770.704645,103069.037978,110649.037978,7613.007172131148,7580,64.27868852459017
4342,109800.037978,109800.037978,110784.037978,109800.037978,110784.037978,998.0571428571428,984,64.91428571428571
4104,103963.037978,103963.037978,110842.204645,103963.037978,110836.037978,6896.777960526316,6873,64.22141560798548
4355,110194.037978,110194.037978,110846.037978,110194.037978,110846.037978,678.8201530612245,652,66.63265306122449
4371,110607.037978,110607.037978,110894.037978,110607.037978,110894.037978,312.9313858695652,287,69.78260869565217
4153,104934.037978,104934.037978,110902.037978,104934.037978,110902.037978,6075.89767699115,5968,65.15707964601769
4361,110337.037978,110337.037978,110923.037978,110337.037978,110923.037978,622.625,586,68.0
4349,110073.037978,110073.037978,110936.037978,110073.037978,110936.037978,893.9939365671643,863,66.29850746268657
4367,110517.037978,110517.037978,110951.037978,110517.037978,110951.037978,469.84375000000006,434,69.28571428571429
4247,107368.037978,107368.037978,110968.037978,107368.037978,110968.037978,3764.516129032258,3600,66.9247311827957
4360,110336.037978,110336.037978,110972.037978,110336.037978,110972.037978,677.3724489795919,636,68.16326530612245
4386,110928.037978,110928.037978,110979.037978,110928.037978,110979.037978,56.04687499999999,51,70.33333333333333
4353,110176.037978,110176.037978,110996.037978,110176.037978,110996.037978,859.8388671875,820,67.109375
4376,110763.037978,110763.037978,111006.037978,110763.037978,111006.037978,266.9495192307692,243,70.3076923076923
4364,110446.037978,110446.037978,111026.037978,110446.037978,111026.037978,621.766304347826,580,68.6086956521739
4351,110096.037978,110096.037978,111026.037978,110096.037978,111026.037978,969.9097711267607,930,66.74647887323944
4368,110556.037978,110556.037978,111058.037978,110556.037978,111058.037978,541.21875,502,69.0
4382,110811.037978,110811.037978,111108.037978,110811.037978,111108.037978,322.330078125,297,69.45833333333333
3931,99550.037978,101229.037978,111113.521312,99696.037978,108160.037978,8982.19247311828,8464,67.91827956989248
4306,108877.037978,108877.037978,111147.037978,108877.037978,111147.037978,2362.716557017544,2270,66.6140350877193
4357,110260.037978,110260.037978,111154.037978,110260.037978,111154.037978,939.0335820895523,894,67.22388059701493
4354,110177.037978,110177.037978,111168.037978,110177.037978,111168.037978,1033.6866554054054,991,66.75675675675676
4362,110346.037978,110346.037978,111241.037978,110346.037978,111241.037978,939.0719696969699,895,67.15151515151516
4383,110829.037978,110829.037978,111257.037978,110829.037978,111257.037978,448.84926470588243,428,67.11764705882354
4350,110073.037978,110073.037978,111264.037978,110073.037978,111264.037978,1226.7872596153845,1191,65.92307692307692
4379,110790.037978,110790.037978,111283.037978,110790.037978,111283.037978,517.048780487805,493,67.1219512195122
4389,111073.037978,111073.037978,111306.537978,111073.037978,111306.537978,916.1631944444445,934,62.77777777777778
4303,108774.037978,108774.037978,111376.037978,108774.037978,111370.537978,5377.030283505155,5193,66.26804123711341
3811,96306.037978,96575.371311,111460.021312,96389.037978,105722.037978,9861.07082891949,9333,67.62118644067796
4397,111326.037978,111326.037978,111515.287978,111326.037978,111515.287978,746.650390625,757,63.125
4385,110910.037978,110910.037978,111571.037978,110910.037978,111571.037978,671.328125,661,65.0
4381,110806.037978,110806.037978,111580.037978,110806.037978,111580.037978,800.5630580357142,774,66.19642857142857
4373,110680.037978,110680.037978,111603.037978,110680.037978,111603.037978,962.0592447916666,923,66.70833333333333
4374,110719.037978,110719.037978,111641.037978,110719.037978,111641.037978,961.0169270833333,922,66.70833333333333
4346,109995.037978,109995.037978,111675.287978,109995.037978,111675.287978,6891.025297619048,6721,65.61904761904762
4378,110787.037978,110787.037978,111689.037978,110787.037978,111689.037978,937.4479166666667,902,66.51515151515152
4337,109677.037978,109677.037978,111695.037978,109677.037978,111695.037978,2071.208984375,2018,65.6875
4388,111032.037978,111032.037978,111699.037978,111032.037978,111699.037978,671.5003551136365,667,64.43181818181819
4167,105375.037978,105375.037978,111719.037978,105375.037978,111719.037978,6515.554540709812,6344,65.73068893528183
4408,111590.037978,111590.037978,111740.037978,111590.037978,111740.037978,156.39204545454547,150,66.72727272727273
4377,110785.037978,110785.037978,111779.037978,110785.037978,111779.037978,1029.8254166666668,994,66.30666666666667
4391,111193.037978,111193.037978,111780.037978,111193.037978,111780.037978,593.1145833333334,587,64.66666666666667
4387,110992.037978,110992.037978,111789.037978,110992.037978,111789.037978,803.9912280701755,797,64.56140350877193
4384,110845.037978,110845.037978,111792.037978,110845.037978,111792.037978,971.3835827464789,947,65.64788732394366
4194,105972.037978,105972.037978,111794.037978,105972.037978,111794.037978,6058.231911599099,5822,66.59684684684684
3908,99015.037978,99343.037978,111805.454645,99081.87131,107907.87131,9342.001467710372,8826,67.74168297455968
4395,111264.037978,111264.037978,111935.037978,111264.037978,111935.037978,675.4614361702127,671,64.42553191489361
4399,111469.037978,111469.037978,111943.371311,111469.037978,111943.371311,1441.9805640243903,1423,64.85365853658537
4165,105333.037978,105333.037978,111979.037978,105333.037978,111968.037978,6796.769183168317,6635,65.56039603960396
4414,111856.037978,111856.037978,111999.037978,111856.037978,111999.037978,143.859375,143,64.38461538461539
4394,111250.037978,111250.037978,112020.037978,111250.037978,112020.037978,776.6379310344828,770,64.55172413793103
4396,111295.037978,111295.037978,112042.037978,111295.037978,112042.037978,755.9623325892857,747,64.76785714285714
4410,111714.037978,111714.037978,112088.037978,111714.037978,112088.037978,376.65625,374,64.45454545454545
4416,111909.037978,111909.037978,112092.037978,111909.037978,112092.037978,187.71796875,183,65.65
4407,111588.037978,111588.037978,112097.037978,111588.037978,112097.037978,518.2183948863636,509,65.1590909090909
4393,111231.037978,111231.037978,112133.037978,111231.037978,112133.037978,912.8723214285715,902,64.77142857142857
4400,111490.037978,111490.037978,112147.037978,111490.037978,112147.037978,669.9671052631578,657,65.26315789473684
4401,111513.037978,111513.037978,112159.037978,111513.037978,112159.037978,658.9270833333333,646,65.28070175438596
4418,111930.037978,111930.037978,112202.037978,111930.037978,112202.037978,279.26041666666663,272,65.70833333333333
4426,112060.037978,112060.037978,112221.837978,112060.037978,112221.837978,827.3863636363636,809,65.45454545454545
3856,97498.037978,97523.537978,112222.141105,97523.537978,106533.537978,9526.60597826087,9010,67.66956521739131
4402,111519.037978,111519.037978,112223.037978,111519.037978,112223.037978,715.5593220338983,704,65.05084745762711
4398,111416.037978,111416.037978,112226.037978,111416.037978,112226.037978,819.9715909090908,810,64.78787878787878
4409,111605.037978,111605.037978,112239.037978,111605.037978,112239.037978,638.2732843137255,634,64.43137254901961
4412,111753.037978,111753.037978,112286.037978,111753.037978,112286.037978,533.0,533,63.577777777777776
4411,111741.037978,111741.037978,112302.037978,111741.037978,112302.037978,561.0,561,63.3469387755102
4420,111941.037978,111941.037978,112316.037978,111941.037978,112316.037978,375.0,375,63.411764705882355
4432,112286.037978,112286.037978,112317.704645,112286.037978,112317.704645,89.0625,95,60.0
4429,112248.037978,112248.037978,112347.537978,112248.037978,112347.537978,368.0369318181818,398,59.18181818181818
4419,111933.037978,111933.037978,112378.037978,111933.037978,112378.037978,445.0,445,62.926829268292686
3514,89157.037978,90911.037978,112422.707771,89562.037978,99532.037978,10692.16749799143,9970,68.63577932512051
4370,110575.037978,110575.037978,112467.037978,110575.037978,112467.037978,1919.9426369863015,1892,64.94520547945206
4404,111542.037978,111542.037978,112468.037978,111542.037978,112468.037978,926.0,926,63.44303797468354
4417,111918.037978,111918.037978,112478.037978,111918.037978,112478.037978,560.0,560,62.38181818181818
4434,112332.037978,112332.037978,112494.037978,112332.037978,112494.037978,162.0,162,60.65
4442,112474.037978,112474.037978,112539.037978,112474.037978,112539.037978,65.0,65,63.125
4424,112026.037978,112026.037978,112566.037978,112026.037978,112566.037978,540.0,540,61.90196078431372
4316,109055.037978,109055.037978,112608.037978,109055.037978,112608.037978,3608.3115234375,3553,64.99632352941177
4152,104922.037978,104922.037978,112625.037978,104922.037978,112498.037978,7673.779349662162,7576,64.82601351351352
4439,112451.037978,112451.037978,112628.037978,112451.037978,112628.037978,177.0,177,62.65
4422,111973.037978,111973.037978,112639.037978,111973.037978,112639.037978,666.0,666,62.377049180327866
4427,112072.037978,112072.037978,112643.037978,112072.037978,112643.037978,571.0,571,61.735849056603776
4413,111790.037978,111790.037978,112722.037978,111790.037978,112722.037978,932.0,932,62.4625
4428,112097.037978,112097.037978,112818.037978,112097.037978,112818.037978,721.0,721,61.36363636363637
4425,112027.037978,112027.037978,112825.037978,112027.037978,112825.037978,798.0,798,61.96825396825397
4423,112004.037978,112004.037978,112850.037978,112004.037978,112850.037978,846.0,846,62.1044776119403
3961,100221.037978,103019.704645,112899.45777,100499.037978,109774.037978,9695.473526873768,9275,66.90138067061145
4454,112856.037978,112856.037978,112915.871311,112856.037978,112915.871311,346.65937499999995,359,61.8
4433,112295.037978,112295.037978,112944.037978,112295.037978,112944.037978,649.0,649,61.48979591836735
4437,112394.037978,112394.037978,112964.037978,112394.037978,112964.037978,570.0,570,62.02325581395349
4430,112267.037978,112267.037978,112983.037978,112267.037978,112983.037978,716.0,716,61.35087719298246
4459,112953.037978,112953.037978,113044.037978,112953.037978,113044.037978,91.0,91,62.57142857142857
4449,112591.037978,112591.037978,113071.037978,112591.037978,113071.037978,480.0,480,62.2
4290,108544.037978,108544.037978,113102.037978,108544.037978,113102.037978,4629.624554843305,4558,65.00569800569801
4436,112389.037978,112389.037978,113145.037978,112389.037978,113145.037978,756.0,756,62.07272727272727
4446,112493.037978,112493.037978,113176.037978,112493.037978,113176.037978,683.0,683,62.604651162790695
4298,108668.037978,108668.037978,113183.037978,108668.037978,113183.037978,4585.134320175438,4515,64.99415204678363
4017,101571.037978,103042.037978,113243.421311,101758.037978,111145.037978,9527.078073601973,9387,64.95504385964912
4453,112773.037978,112773.037978,113244.037978,112773.037978,113244.037978,471.0,471,62.40625
4464,113110.037978,113110.037978,113265.037978,113110.037978,113265.037978,763.8997395833334,775,63.083333333333336
4458,112945.037978,112945.037978,113285.037978,112945.037978,113285.037978,340.0,340,62.72
4448,112553.037978,112553.037978,113285.037978,112553.037978,113285.037978,732.0,732,62.51020408163265
4465,113129.037978,113129.037978,113288.037978,113129.037978,113288.037978,159.0,159,62.86666666666667
4470,113270.037978,113270.037978,113312.037978,113270.037978,113312.037978,42.0,42,61.714285714285715
4466,113145.037978,113145.037978,113327.037978,113145.037978,113327.037978,182.0,182,62.35294117647059
4456,112889.037978,112889.037978,113380.037978,112889.037978,113380.037978,491.0,491,62.275
4441,112470.037978,112470.037978,113384.037978,112470.037978,113384.037978,914.0,914,62.36231884057971
4462,113021.037978,113021.037978,113393.037978,113021.037978,113393.037978,372.0,372,62.354838709677416
4450,112662.037978,112662.037978,113408.037978,112662.037978,113408.037978,746.0,746,62.056603773584904
4471,113304.037978,113304.037978,113435.037978,113304.037978,113435.037978,131.0,131,61.0
4452,112718.037978,112718.037978,113533.037978,112718.037978,113533.037978,815.0,815,61.96610169491525
3817,96552.037978,96786.037978,113536.387978,96607.037978,106270.037978,10122.182787884472,9663,67.04126031507877
4472,113307.037978,113307.037978,113541.037978,113307.037978,113541.037978,234.0,234,61.35
4451,112662.037978,112662.037978,113545.037978,112662.037978,113545.037978,883.0,883,61.95238095238095
4272,108089.037978,108089.037978,113550.537978,108089.037978,113545.037978,5551.955813953487,5456,65.12558139534883
4438,112397.037978,112397.037978,113616.037978,112397.037978,113616.037978,1219.0,1219,62.010416666666664
4467,113197.037978,113197.037978,113645.037978,113197.037978,113645.037978,448.0,448,61.906976744186046
4461,113015.037978,113015.037978,113686.037978,113015.037978,113686.037978,671.0,671,62.55
4474,113328.037978,113328.037978,113697.037978,113328.037978,113697.037978,369.0,369,63.0
4484,113585.037978,113585.037978,113702.837978,113585.037978,113702.837978,604.5302734375,589,65.6875
4468,113235.037978,113235.037978,113704.037978,113235.037978,113704.037978,469.0,469,62.88235294117647
4431,112269.037978,112269.037978,113714.037978,112269.037978,113714.037978,1445.0,1445,62.21311475409836
4445,112490.037978,112490.037978,113743.837978,112490.037978,113743.837978,6154.39484375,6269,62.83
4490,113649.037978,113649.037978,113775.037978,113649.037978,113775.037978,131.75480769230768,126,66.92307692307692
4192,105962.037978,105962.037978,113824.787978,105962.037978,113461.037978,7678.41943359375,7499,65.53125
4479,113471.037978,113471.037978,113834.871311,113471.037978,113834.871311,2193.336174242424,2183,64.3030303030303
4460,113002.037978,113002.037978,113841.037978,113002.037978,113841.037978,839.0,839,63.013888888888886
4457,112917.037978,112917.037978,113841.037978,112917.037978,113841.037978,924.0,924,62.89873417721519
4476,113428.037978,113428.037978,113842.037978,113428.037978,113842.037978,414.0,414,63.575
4421,111964.037978,111964.037978,113852.537978,111964.037978,113840.537978,7335.6807324840765,7506,62.547770700636946
4065,102824.037978,103293.837978,113917.35777,103019.704645,112632.704645,9647.268817395006,9613,64.22814982973894
4475,113354.037978,113354.037978,113958.037978,113354.037978,113958.037978,604.0,604,62.888888888888886
4478,113462.037978,113462.037978,113968.037978,113462.037978,113968.037978,506.0,506,63.229166666666664
4491,113666.037978,113666.037978,114008.037978,113666.037978,114008.037978,342.0,342,63.78787878787879
4506,114003.037978,114003.037978,114008.371311,114003.037978,114008.371311,32.833333333333336,32,65.66666666666667
4473,113327.037978,113327.037978,114049.037978,113327.037978,114049.037978,722.0,722,62.96969696969697
4486,113601.037978,113601.037978,114051.037978,113601.037978,114051.037978,450.0,450,63.97727272727273
4485,113590.037978,113590.037978,114051.037978,113590.037978,114051.037978,461.0,461,63.91304347826087
4492,113666.037978,113666.037978,114054.037978,113666.037978,114054.037978,388.0,388,63.73684210526316
4504,114000.037978,114000.037978,114075.037978,114000.037978,114075.037978,75.0,75,63.90909090909091
4271,108029.037978,108029.037978,114096.037978,108029.037978,113976.037978,6036.281636597939,5947,64.96082474226804
4481,113513.037978,113513.037978,114096.037978,113513.037978,114096.037978,583.0,583,63.28333333333333
4480,113513.037978,113513.037978,114229.037978,113513.037978,114229.037978,716.0,716,63.09090909090909
4482,113557.037978,113557.037978,114301.037978,113557.037978,114301.037978,744.0,744,63.18333333333333
4499,113915.037978,113915.037978,114302.037978,113915.037978,114302.037978,387.0,387,62.333333333333336
4483,113562.037978,113562.037978,114309.037978,113562.037978,114309.037978,747.0,747,63.16129032258065
4511,114209.037978,114209.037978,114310.037978,114209.037978,114310.037978,291.755859375,303,61.625
4509,114168.037978,114168.037978,114321.037978,114168.037978,114321.037978,153.0,153,61.0
4494,113691.037978,113691.037978,114330.037978,113691.037978,114330.037978,639.0,639,62.509803921568626
4495,113732.037978,113732.037978,114354.037978,113732.037978,114354.037978,622.0,622,61.770833333333336
3779,95449.037978,95777.037978,114368.487979,95659.037978,105394.037978,10146.577998481782,9735,66.70580296896087
4488,113632.037978,113632.037978,114406.037978,113632.037978,114406.037978,774.0,774,62.42424242424242
4493,113678.037978,113678.037978,114432.037978,113678.037978,114432.037978,754.0,754,62.0
4497,113875.037978,113875.037978,114444.037978,113875.037978,114444.037978,569.0,569,60.95652173913044
4325,109266.037978,109266.037978,114458.037978,109266.037978,114458.037978,5192.0,5192,63.8025
4489,113641.037978,113641.037978,114514.037978,113641.037978,114514.037978,873.0,873,61.85333333333333
4505,114003.037978,114003.037978,114520.037978,114003.037978,114520.037978,974.6351744186046,1034,60.325581395348834
4515,114370.037978,114370.037978,114583.704645,114370.037978,114583.704645,586.4704861111111,641,58.55555555555556
4521,114488.037978,114488.037978,114591.037978,114488.037978,114591.037978,103.0,103,59.888888888888886
4526,114640.037978,114640.037978,114676.037978,114640.037978,114676.037978,135.75,144,60.333333333333336
4500,113929.037978,113929.037978,114737.037978,113929.037978,114737.037978,808.0,808,60.59016393442623
4415,111862.037978,111862.037978,114780.037978,111862.037978,114780.037978,2918.0,2918,62.02155172413793
4501,113941.037978,113941.037978,114787.037978,113941.037978,114787.037978,846.0,846,60.61290322580645
4496,113872.037978,113872.037978,114810.037978,113872.037978,114810.037978,938.0,938,60.56521739130435
4513,114301.037978,114301.037978,114844.037978,114301.037978,114844.037978,543.0,543,59.35897435897436
4498,113908.037978,113908.037978,114868.037978,113908.037978,114868.037978,960.0,960,60.56521739130435
4519,114470.037978,114470.037978,114968.037978,114470.037978,114968.037978,498.0,498,60.064516129032256
4531,114870.037978,114870.037978,114973.787978,114870.037978,114973.787978,394.82638888888886,415,60.888888888888886
4528,114677.037978,114677.037978,114998.037978,114677.037978,114998.037978,321.0,321,61.095238095238095
4525,114578.037978,114578.037978,115020.037978,114578.037978,115020.037978,442.0,442,61.06896551724138
4537,114945.037978,114945.037978,115022.037978,114945.037978,115022.037978,77.0,77,63.333333333333336
4205,106201.037978,106391.287978,115028.717148,106341.037978,114371.037978,8132.891777286136,8030,64.82005899705015
4514,114345.037978,114345.037978,115064.037978,114345.037978,115064.037978,719.0,719,60.01960784313726
4508,114090.037978,114090.037978,115065.037978,114090.037978,115065.037978,975.0,975,60.149253731343286
4507,114043.037978,114043.037978,115066.704645,114043.037978,115066.704645,2896.976666666667,3071,60.373333333333335
4539,114975.037978,114975.037978,115083.037978,114975.037978,115083.037978,108.0,108,61.72727272727273
4392,111204.037978,111204.037978,115116.037978,111204.037978,115116.037978,3912.0,3912,62.28524590163934
4510,114203.037978,114203.037978,115147.037978,114203.037978,115147.037978,944.0,944,60.044117647058826
4527,114656.037978,114656.037978,115169.037978,114656.037978,115169.037978,513.0,513,60.638888888888886
4517,114399.037978,114399.037978,115172.037978,114399.037978,115172.037978,773.0,773,59.96363636363636
4533,114909.037978,114909.037978,115206.037978,114909.037978,115206.037978,297.0,297,60.096774193548384
4518,114411.037978,114411.037978,115248.037978,114411.037978,115248.037978,837.0,837,59.84126984126984
4522,114492.037978,114492.037978,115249.037978,114492.037978,115249.037978,757.0,757,60.14035087719298
4530,114695.037978,114695.037978,115252.037978,114695.037978,115252.037978,557.0,557,60.15555555555556
4444,112483.037978,112483.037978,115254.037978,112483.037978,115254.037978,2771.0,2771,61.53211009174312
4545,115189.037978,115189.037978,115289.037978,115189.037978,115289.037978,373.0769230769231,400,59.69230769230769
4366,110483.037978,110483.037978,115317.037978,110483.037978,115317.037978,4834.0,4834,62.84251968503937
4535,114918.037978,114918.037978,115395.037978,114918.037978,115395.037978,477.0,477,60.02325581395349
4541,115065.037978,115065.037978,115461.537978,115065.037978,115461.537978,732.9242424242424,793,59.15151515151515
4182,105835.037978,105835.037978,115461.787978,105835.037978,114042.037978,8274.293005354753,8207,64.52476572958501
4520,114473.037978,114473.037978,115464.037978,114473.037978,115464.037978,991.0,991,60.06666666666667
4292,108588.037978,108588.037978,115470.537978,108588.037978,115368.037978,6780.0,6780,63.64804469273743
4549,115217.037978,115217.037978,115497.037978,115217.037978,115497.037978,280.0,280,60.27272727272727
4403,111525.037978,111525.037978,115562.037978,111525.037978,115562.037978,4037.0,4037,61.90402476780186
4534,114915.037978,114915.037978,115673.037978,114915.037978,115673.037978,758.0,758,60.16949152542373
4559,115498.037978,115498.037978,115684.371311,115498.037978,115684.371311,527.337890625,559,60.375
4532,114881.037978,114881.037978,115708.037978,114881.037978,115708.037978,827.0,827,60.12698412698413
4544,115186.037978,115186.037978,115788.037978,115186.037978,115788.037978,602.0,602,60.02439024390244
4502,113961.037978,113961.037978,115843.037978,113961.037978,115843.037978,1882.0,1882,60.29323308270677
4477,113461.037978,113461.037978,115866.037978,113461.037978,115866.037978,2405.0,2405,61.043956043956044
4547,115198.037978,115198.037978,115889.037978,115198.037978,115889.037978,691.0,691,60.43181818181818
4546,115193.037978,115193.037978,115912.037978,115193.037978,115912.037978,719.0,719,60.42553191489362
4551,115288.037978,115288.037978,115915.037978,115288.037978,115915.037978,627.0,627,60.526315789473685
4557,115451.037978,115451.037978,115936.037978,115451.037978,115936.037978,485.0,485,60.86666666666667
4406,111576.037978,111576.037978,115939.037978,111576.037978,115939.037978,4363.0,4363,61.7905604719764
3889,98451.037978,103293.837978,115951.532422,98613.037978,108396.037978,10139.042366914971,9783,66.32921511627907
4560,115533.037978,115533.037978,115962.037978,115533.037978,115962.037978,429.0,429,60.607142857142854
4555,115331.037978,115331.037978,115962.037978,115331.037978,115962.037978,631.0,631,60.575
4550,115226.037978,115226.037978,115962.037978,115226.037978,115962.037978,736.0,736,60.32692307692308
4553,115302.037978,115302.037978,115985.037978,115302.037978,115985.037978,683.0,683,60.355555555555554
4542,115156.037978,115156.037978,116011.037978,115156.037978,116011.037978,855.0,855,59.76923076923077
4572,115940.037978,115940.037978,116067.037978,115940.037978,116067.037978,127.0,127,58.285714285714285
4575,116022.037978,116022.037978,116070.037978,116022.037978,116070.037978,48.0,48,58.333333333333336
4543,115186.037978,115186.037978,116108.037978,115186.037978,116108.037978,922.0,922,59.68571428571428
4563,115601.037978,115601.037978,116115.037978,115601.037978,116115.037978,514.0,514,59.62162162162162
4573,115943.037978,115943.037978,116166.037978,115943.037978,116166.037978,223.0,223,58.0
4540,115002.037978,115002.037978,116169.371311,115002.037978,116169.371311,6514.605337078652,7004,59.52808988764045
4548,115199.037978,115199.037978,116174.037978,115199.037978,116174.037978,975.0,975,59.63380281690141
4576,116025.037978,116025.037978,116177.037978,116025.037978,116177.037978,152.0,152,57.53846153846154
4581,116216.037978,116216.037978,116259.037978,116216.037978,116259.037978,224.7421875,258,55.75
4566,115765.037978,115765.037978,116288.037978,115765.037978,116288.037978,523.0,523,58.52272727272727
4564,115761.037978,115761.037978,116296.037978,115761.037978,116296.037978,535.0,535,58.520833333333336
4570,115889.037978,115889.037978,116314.037978,115889.037978,116314.037978,425.0,425,57.825
4587,116296.037978,116296.037978,116356.037978,116296.037978,116356.037978,60.0,60,57.75
4577,116061.037978,116061.037978,116407.037978,116061.037978,116407.037978,346.0,346,57.15384615384615
4565,115763.037978,115763.037978,116418.037978,115763.037978,116418.037978,655.0,655,58.35849056603774
4584,116275.037978,116275.037978,116428.537978,116275.037978,116428.537978,273.82161458333337,307,57.083333333333336
4558,115456.037978,115456.037978,116442.037978,115456.037978,116442.037978,986.0,986,58.732394366197184
4487,113602.037978,113602.037978,116561.037978,113602.037978,116561.037978,2959.0,2959,60.152466367713004
4338,109722.037978,109722.037978,116601.037978,109722.037978,116601.037978,6879.0,6879,62.30268199233716
4569,115873.037978,115873.037978,116616.037978,115873.037978,116616.037978,743.0,743,57.62068965517241
4594,116538.037978,116538.037978,116620.787978,116538.037978,116620.787978,303.41666666666663,331,58.666666666666664
4578,116062.037978,116062.037978,116635.037978,116062.037978,116635.037978,573.0,573,56.875
4593,116484.037978,116484.037978,116661.037978,116484.037978,116661.037978,177.0,177,57.6
4590,116456.037978,116456.037978,116684.537978,116456.037978,116684.537978,811.9910714285714,914,56.857142857142854
4280,108285.037978,108356.037978,116699.371311,108356.037978,116277.037978,7921.0,7921,63.13935681470138
4588,116340.037978,116340.037978,116704.037978,116340.037978,116704.037978,364.0,364,56.208333333333336
4516,114372.037978,114372.037978,116704.037978,114372.037978,116704.037978,2332.0,2332,58.887573964497044
4288,108515.037978,108527.037978,116768.871311,108527.037978,116398.037978,7871.0,7871,62.86206896551724
4568,115857.037978,115857.037978,116804.037978,115857.037978,116804.037978,947.0,947,57.10666666666667
4574,116017.037978,116017.037978,116805.037978,116017.037978,116805.037978,788.0,788,56.206896551724135
4579,116144.037978,116144.037978,116849.037978,116144.037978,116849.037978,705.0,705,55.83018867924528
4583,116242.037978,116242.037978,116872.037978,116242.037978,116872.037978,630.0,630,55.8125
4331,109442.037978,109541.037978,116889.36784,109478.037978,112807.704645,9576.057948490232,9881,62.02486678507993
4571,115939.037978,115939.037978,116913.037978,115939.037978,116913.037978,974.0,974,56.38157894736842
4435,112354.037978,112354.037978,116959.037978,112354.037978,116959.037978,4605.0,4605,60.17663817663818
4580,116149.037978,116149.037978,116994.037978,116149.037978,116994.037978,845.0,845,55.774193548387096
4598,116707.037978,116707.037978,117001.037978,116707.037978,117001.037978,294.0,294,54.81818181818182
4206,106211.037978,106391.287978,117058.171312,106366.037978,114820.037978,8454.0,8454,63.56189320388349
4523,114502.037978,114502.037978,117059.037978,114502.037978,117059.037978,2557.0,2557,58.38251366120219
4597,116699.037978,116699.037978,117062.037978,116699.037978,117062.037978,363.0,363,54.6
4600,116755.037978,116755.037978,117067.037978,116755.037978,117067.037978,312.0,312,54.76
4610,117057.037978,117057.037978,117102.704645,117057.037978,117102.704645,114.16666666666667,137,53.333333333333336
4602,116807.037978,116807.037978,117134.037978,116807.037978,117134.037978,327.0,327,54.45454545454545
4582,116229.037978,116229.037978,117135.037978,116229.037978,117135.037978,906.0,906,55.292307692307695
4591,116462.037978,116462.037978,117149.037978,116462.037978,117149.037978,687.0,687,54.6530612244898
4609,116966.037978,116966.037978,117151.037978,116966.037978,117151.037978,185.0,185,52.142857142857146
4586,116293.037978,116293.037978,117177.037978,116293.037978,117177.037978,884.0,884,54.714285714285715
4606,116869.037978,116869.037978,117304.037978,116869.037978,117304.037978,435.0,435,52.28
4295,108619.037978,108619.037978,117408.787978,108619.037978,116520.037978,7901.0,7901,62.28006088280061
4589,116452.037978,116452.037978,117417.037978,116452.037978,117417.037978,965.0,965,53.689655172413794
4601,116802.037978,116802.037978,117435.037978,116802.037978,117435.037978,633.0,633,52.08108108108108
4599,116743.037978,116743.037978,117452.037978,116743.037978,117452.037978,709.0,709,51.904761904761905
4614,117428.037978,117428.037978,117496.037978,117428.037978,117496.037978,68.0,68,45.6
4612,117196.037978,117196.037978,117611.037978,117196.037978,117611.037978,415.0,415,46.529411764705884
4608,116958.037978,116958.037978,117665.037978,116958.037978,117665.037978,707.0,707,49.34285714285714
4330,109400.037978,109409.287978,117722.587978,109409.287978,117303.287978,7894.0,7894,61.24628099173554
4607,116919.037978,116919.037978,117723.037978,116919.037978,117723.037978,804.0,804,49.38461538461539
4613,117301.037978,117301.037978,117773.037978,117301.037978,117773.037978,472.0,472,47.08695652173913
4616,117504.037978,117504.037978,117836.037978,117504.037978,117836.037978,332.0,332,48.111111111111114
4592,116476.037978,116476.037978,117875.037978,116476.037978,117875.037978,1399.0,1399,51.822784810126585
4611,117139.037978,117139.037978,117955.037978,117139.037978,117955.037978,816.0,816,47.75
4633,118003.037978,118003.037978,118040.537978,118003.037978,118040.537978,128.3203125,150,54.75
4634,118022.037978,118022.037978,118041.537978,118022.037978,118041.537978,67.3359375,78,55.25
4617,117505.037978,117505.037978,118068.037978,117505.037978,118068.037978,563.0,563,50.40625
4626,117809.037978,117809.037978,118076.037978,117809.037978,118076.037978,267.0,267,52.65
4585,116279.037978,116279.037978,118131.437978,116279.037978,118088.837978,7454.914546460178,9049,52.72566371681416
4624,117771.037978,117771.037978,118226.037978,117771.037978,118226.037978,455.0,455,53.65625
4627,117826.037978,117826.037978,118296.037978,117826.037978,118296.037978,470.0,470,55.03225806451613
4365,110462.037978,110462.037978,118319.837978,110462.037978,118046.037978,7584.0,7584,60.371929824561406
4637,118055.037978,118055.037978,118340.037978,118055.037978,118340.037978,285.0,285,58.111111111111114
4561,115548.037978,115548.037978,118375.037978,115548.037978,118375.037978,2827.0,2827,54.97159090909091
4643,118160.037978,118160.037978,118390.037978,118160.037978,118390.037978,230.0,230,60.0
4628,117890.037978,117890.037978,118420.037978,117890.037978,118420.037978,530.0,530,56.06060606060606
4619,117549.037978,117549.037978,118426.037978,117549.037978,118426.037978,877.0,877,53.72
4615,117450.037978,117450.037978,118430.037978,117450.037978,118430.037978,980.0,980,52.8421052631579
4567,115827.037978,115827.037978,118432.037978,115827.037978,118432.037978,2605.0,2605,54.63529411764706
4620,117562.037978,117562.037978,118460.037978,117562.037978,118460.037978,898.0,898,53.888888888888886
4623,117724.037978,117724.037978,118465.037978,117724.037978,118465.037978,741.0,741,54.645833333333336
4405,111554.037978,111554.037978,118511.837978,111554.037978,118454.037978,6900.0,6900,59.32806324110672
4622,117688.037978,117688.037978,118535.037978,117688.037978,118535.037978,847.0,847,54.22222222222222
4063,102732.037978,103293.837978,118551.021311,103019.704645,113000.704645,9981.0,9981,62.37040133779264
4556,115412.037978,115412.037978,118560.037978,115412.037978,118560.037978,3148.0,3148,55.17910447761194
4638,118075.037978,118075.037978,118618.037978,118075.037978,118618.037978,543.0,543,56.11764705882353
4641,118133.037978,118133.037978,118659.037978,118133.037978,118659.037978,526.0,526,55.714285714285715
4629,117948.037978,117948.037978,118668.037978,117948.037978,118668.037978,720.0,720,55.127272727272725
4635,118028.037978,118028.037978,118694.037978,118028.037978,118694.037978,666.0,666,55.64
4647,118284.037978,118284.037978,118728.037978,118284.037978,118728.037978,444.0,444,55.114285714285714
4625,117807.037978,117807.037978,118772.037978,117807.037978,118772.037978,965.0,965,54.720588235294116
4656,118642.037978,118642.037978,118774.037978,118642.037978,118774.037978,132.0,132,55.76923076923077
4650,118480.037978,118480.037978,118776.037978,118480.037978,118776.037978,296.0,296,54.16
4659,118679.037978,118679.037978,118865.037978,118679.037978,118865.037978,186.0,186,55.72727272727273
4652,118560.037978,118560.037978,118897.037978,118560.037978,118897.037978,337.0,337,54.65217391304348
4618,117537.037978,117537.037978,118903.037978,117537.037978,118903.037978,1366.0,1366,53.81609195402299
4657,118657.037978,118657.037978,118979.037978,118657.037978,118979.037978,322.0,322,55.34782608695652
4660,118713.037978,118713.037978,118983.037978,118713.037978,118983.037978,270.0,270,55.333333333333336
4639,118082.037978,118082.037978,118985.037978,118082.037978,118985.037978,903.0,903,55.57377049180328
4646,118258.037978,118258.037978,118989.037978,118258.037978,118989.037978,731.0,731,55.18867924528302
4667,118932.037978,118932.037978,118991.371311,118932.037978,118991.371311,307.52678571428567,356,55.285714285714285
4668,118949.037978,118949.037978,119024.037978,118949.037978,119024.037978,75.0,75,54.857142857142854
4645,118198.037978,118198.037978,119029.037978,118198.037978,119029.037978,831.0,831,55.152542372881356
4662,118755.037978,118755.037978,119029.037978,118755.037978,119029.037978,274.0,274,54.36363636363637
4369,110569.037978,110569.037978,119036.837978,110569.037978,118490.037978,7921.0,7921,59.786407766990294
4648,118445.037978,118445.037978,119090.037978,118445.037978,119090.037978,645.0,645,53.71153846153846
4642,118150.037978,118150.037978,119111.037978,118150.037978,119111.037978,961.0,961,54.77142857142857
4440,112470.037978,112470.037978,119111.037978,112470.037978,118997.037978,6527.0,6527,58.067085953878404
4677,119175.037978,119175.037978,119262.037978,119175.037978,119262.037978,87.0,87,55.2
4675,119158.037978,119158.037978,119310.037978,119158.037978,119310.037978,152.0,152,55.75
4663,118809.037978,118809.037978,119398.037978,118809.037978,119398.037978,589.0,589,54.372093023255815
4655,118642.037978,118642.037978,119403.037978,118642.037978,119403.037978,761.0,761,54.76271186440678
4469,113247.037978,113247.037978,119408.837978,113247.037978,119268.037978,6021.0,6021,57.467120181405896
4670,119045.037978,119045.037978,119432.037978,119045.037978,119432.037978,387.0,387,55.793103448275865
4686,119358.037978,119358.037978,119456.037978,119358.037978,119456.037978,98.0,98,60.72727272727273
4681,119267.037978,119267.037978,119477.037978,119267.037978,119477.037978,592.1015625,630,60.15
4658,118667.037978,118667.037978,119500.037978,118667.037978,119500.037978,833.0,833,56.044117647058826
4669,119028.037978,119028.037978,119503.037978,119028.037978,119503.037978,475.0,475,56.81395348837209
4685,119322.037978,119322.037978,119505.037978,119322.037978,119505.037978,183.0,183,61.35
4684,119309.037978,119309.037978,119505.037978,119309.037978,119505.037978,196.0,196,61.17391304347826
4674,119125.037978,119125.037978,119525.037978,119125.037978,119525.037978,400.0,400,59.083333333333336
4651,118559.037978,118559.037978,119529.037978,118559.037978,119529.037978,970.0,970,56.07058823529412
4186,105879.037978,105879.037978,119537.921311,105879.037978,115223.037978,9344.0,9344,62.06066536203522
4664,118880.037978,118880.037978,119540.037978,118880.037978,119540.037978,660.0,660,56.796875
4604,116832.037978,116832.037978,119540.037978,116832.037978,119540.037978,2708.0,2708,54.25806451612903
4699,119568.037978,119568.037978,119630.037978,119568.037978,119630.037978,62.0,62,60.2
4692,119472.037978,119472.037978,119676.037978,119472.037978,119676.037978,204.0,204,60.82608695652174
4679,119201.037978,119201.037978,119694.037978,119201.037978,119694.037978,493.0,493,60.06818181818182
4691,119451.037978,119451.037978,119714.037978,119451.037978,119714.037978,749.2760416666667,789,60.77777777777778
4661,118720.037978,118720.037978,119715.037978,118720.037978,119715.037978,995.0,995,57.036144578313255
4680,119257.037978,119257.037978,119723.037978,119257.037978,119723.037978,466.0,466,60.0
4690,119451.037978,119451.037978,119735.704645,119451.037978,119735.704645,804.2642045454545,854,60.27272727272727
4700,119576.037978,119576.037978,119799.371311,119576.037978,119799.371311,623.1661184210527,670,59.526315789473685
4687,119372.037978,119372.037978,119810.037978,119372.037978,119810.037978,438.0,438,60.36734693877551
4269,107970.037978,108538.371311,119821.574437,108215.037978,117370.037978,9155.0,9155,61.253348214285715
4673,119097.037978,119097.037978,119892.037978,119097.037978,119892.037978,795.0,795,59.74025974025974
4704,119727.037978,119727.037978,119907.037978,119727.037978,119907.037978,180.0,180,63.0
4719,119860.037978,119860.037978,119956.037978,119860.037978,119956.037978,103.6875,96,69.125
4693,119476.037978,119476.037978,119977.037978,119476.037978,119977.037978,501.0,501,62.44642857142857
4694,119481.037978,119481.037978,120025.037978,119481.037978,120025.037978,544.0,544,63.25423728813559
4672,119075.037978,119075.037978,120048.037978,119075.037978,120048.037978,973.0,973,61.204301075268816
4712,119817.037978,119817.037978,120063.287978,119817.037978,120063.287978,1057.217548076923,985,68.6923076923077
4713,119820.037978,119820.037978,120080.037978,119820.037978,120080.037978,281.9084821428571,260,69.39285714285714
4682,119272.037978,119272.037978,120082.037978,119272.037978,120082.037978,810.0,810,63.38823529411765
4695,119493.037978,119493.037978,120086.037978,119493.037978,120086.037978,596.9308712121211,593,64.42424242424242
4720,119894.037978,119894.037978,120091.037978,119894.037978,120091.037978,879.0054347826089,788,71.3913043478261
4716,119840.037978,119840.037978,120100.037978,119840.037978,120100.037978,287.08333333333337,260,70.66666666666667
4678,119179.037978,119179.037978,120133.037978,119179.037978,120133.037978,954.0,954,63.77777777777778
4696,119516.037978,119516.037978,120167.037978,119516.037978,120167.037978,667.9053697183099,651,65.66197183098592
4702,119599.037978,119599.037978,120192.037978,119599.037978,120192.037978,622.2676091269842,593,67.15873015873017
4711,119801.037978,119801.037978,120200.037978,119801.037978,120200.037978,436.93683510638294,399,70.08510638297872
4375,110744.037978,111026.037978,120247.904644,110846.037978,119383.037978,8537.0,8537,60.267857142857146
4705,119749.037978,119749.037978,120258.037978,119749.037978,120258.037978,550.3832097457627,509,69.20338983050847
4596,116642.037978,116642.037978,120311.037978,116642.037978,120311.037978,3669.0,3669,57.87769784172662
4736,120132.037978,120132.037978,120320.037978,120132.037978,120320.037978,218.990625,188,74.55
4734,120110.037978,120110.037978,120320.037978,120110.037978,120320.037978,244.09646739130437,210,74.3913043478261
4738,120169.037978,120169.037978,120322.037978,120169.037978,120322.037978,717.1875,612,75.0
4710,119785.037978,119785.037978,120345.037978,119785.037978,120345.037978,622.3269230769231,560,71.12307692307692
4741,120249.037978,120249.037978,120349.037978,120249.037978,120349.037978,118.1985294117647,100,75.6470588235294
4742,120255.037978,120255.037978,120355.037978,120255.037978,120355.037978,118.57638888888889,100,75.88888888888889
4724,119967.037978,119967.037978,120359.037978,119967.037978,120359.037978,452.0490196078431,392,73.80392156862744
4698,119542.037978,119542.037978,120367.037978,119542.037978,120367.037978,889.8734714673913,825,69.03260869565217
4697,119528.037978,119528.037978,120394.037978,119528.037978,120394.037978,929.419191919192,866,68.68686868686869
4748,120328.037978,120328.037978,120398.037978,120328.037978,120398.037978,82.95673076923076,70,75.84615384615384
4727,120008.037978,120008.037978,120416.037978,120008.037978,120416.037978,473.3727272727272,408,74.25454545454545
4745,120312.037978,120312.037978,120422.037978,120312.037978,120422.037978,521.6032608695651,440,75.8695652173913
4743,120284.037978,120284.037978,120430.037978,120284.037978,120430.037978,172.66702586206895,146,75.6896551724138
4749,120347.037978,120347.037978,120431.037978,120347.037978,120431.037978,99.12828947368422,84,75.52631578947368
4726,120004.037978,120004.037978,120438.037978,120004.037978,120438.037978,503.56250000000006,434,74.25806451612904
4740,120232.037978,120232.037978,120439.037978,120232.037978,120439.037978,243.53969594594594,207,75.29729729729729
4757,120429.037978,120429.037978,120475.037978,120429.037978,120475.037978,53.34722222222223,46,74.22222222222223
4739,120191.037978,120191.037978,120514.037978,120191.037978,120514.037978,378.73505434782606,323,75.04347826086956
4721,119911.037978,119911.037978,120551.037978,119911.037978,120551.037978,738.2051282051282,640,73.82051282051282
4760,120468.037978,120468.037978,120573.037978,120468.037978,120573.037978,122.431640625,105,74.625
4708,119771.037978,119771.037978,120574.037978,119771.037978,120574.037978,904.8958333333334,803,72.12121212121212
4631,117986.037978,117986.037978,120600.037978,117986.037978,120600.037978,2614.0,2614,62.935222672064775
4707,119761.037978,119761.037978,120628.037978,119761.037978,120628.037978,976.2868088942307,867,72.0673076923077
4758,120450.037978,120450.037978,120633.237978,120450.037978,120633.237978,1060.01953125,916,74.0625
4723,119940.037978,119940.037978,120648.037978,119940.037978,120648.037978,817.9742647058823,708,73.94117647058823
4762,120529.037978,120529.037978,120655.037978,120529.037978,120655.037978,145.1953125,126,73.75
4759,120465.037978,120465.037978,120678.037978,120465.037978,120678.037978,245.17187500000003,213,73.66666666666667
4732,120087.037978,120087.037978,120678.037978,120087.037978,120678.037978,685.5547975352113,591,74.2394366197183
4755,120408.037978,120408.037978,120723.037978,120408.037978,120723.037978,360.98876953125,315,73.34375
4671,119071.037978,119071.037978,120730.037978,119071.037978,120730.037978,1737.502041903409,1659,67.0284090909091
4709,119776.037978,119776.037978,120754.037978,119776.037978,120754.037978,1101.0542763157894,978,72.05263157894737
4714,119826.037978,119826.037978,120782.037978,119826.037978,120782.037978,1086.5286214953271,956,72.73831775700934
4752,120363.037978,120363.037978,120817.037978,120363.037978,120817.037978,517.682528409091,454,72.97727272727273
4764,120589.037978,120589.037978,120828.537978,120589.037978,120828.537978,1054.9029605263158,958,70.47368421052632
4731,120077.037978,120077.037978,120846.037978,120077.037978,120846.037978,880.8272372159091,769,73.30681818181819
4754,120399.037978,120399.037978,120848.037978,120399.037978,120848.037978,504.65729166666665,449,71.93333333333334
4773,120884.037978,120884.037978,120931.037978,120884.037978,120931.037978,50.182291666666664,47,68.33333333333333
4463,113084.037978,113084.037978,120949.837978,113084.037978,120583.037978,7499.0,7499,60.63709677419355
4733,120099.037978,120099.037978,120959.037978,120099.037978,120959.037978,978.8701923076923,860,72.84615384615384
4735,120118.037978,120118.037978,121017.037978,120118.037978,121017.037978,1022.6125000000001,899,72.8
4730,120071.037978,120071.037978,121044.037978,120071.037978,121044.037978,1105.0112933168316,973,72.68316831683168
4653,118619.037978,118619.037978,121060.037978,118619.037978,121060.037978,2484.1294831223627,2441,65.13080168776371
4775,120931.037978,120931.037978,121061.371311,120931.037978,121061.371311,417.6590909090909,391,68.36363636363636
4750,120347.037978,120347.037978,121086.037978,120347.037978,121086.037978,827.7459821428571,739,71.68571428571428
4753,120371.037978,120371.037978,121089.037978,120371.037978,121089.037978,797.75830078125,718,71.109375
4771,120844.037978,120844.037978,121093.037978,120844.037978,121093.037978,1055.2857142857142,996,67.80952380952381
4737,120162.037978,120162.037978,121096.037978,120162.037978,121096.037978,1054.2464192708333,934,72.23958333333333
4747,120314.037978,120314.037978,121144.037978,120314.037978,121144.037978,927.1112351190477,830,71.48809523809524
4776,120953.037978,120953.037978,121149.037978,120953.037978,121149.037978,204.05921052631578,196,66.63157894736842
4744,120287.037978,120287.037978,121163.037978,120287.037978,121163.037978,978.1298076923077,876,71.46153846153847
4769,120748.037978,120748.037978,121165.037978,120748.037978,121165.037978,437.08984374999994,417,67.08333333333333
4766,120689.037978,120689.037978,121200.037978,120689.037978,121200.037978,536.4739583333334,511,67.19047619047619
4621,117594.037978,117594.037978,121214.037978,117594.037978,121214.037978,3620.0,3620,62.87261146496815
4231,106903.037978,106925.037978,121246.053809,106923.037978,116637.037978,9714.0,9714,62.83827493261455
4765,120592.037978,120592.037978,121297.037978,120592.037978,121297.037978,740.7058189655172,705,67.24137931034483
4767,120712.037978,120712.037978,121303.037978,120712.037978,121303.037978,612.793125,591,66.36
4786,121275.037978,121275.037978,121316.037978,121275.037978,121316.037978,41.0,41,63.666666666666664
4787,121277.037978,121277.037978,121333.537978,121277.037978,121333.537978,224.82291666666669,226,63.666666666666664
4768,120743.037978,120743.037978,121347.037978,120743.037978,121347.037978,622.12,604,65.92
4763,120563.037978,120563.037978,121420.037978,120563.037978,121420.037978,899.3380055147059,857,67.16176470588235
4779,121059.037978,121059.037978,121485.037978,121059.037978,121485.037978,426.0,426,63.75
4529,114693.037978,114693.037978,121508.037978,114693.037978,121508.037978,6815.0,6815,60.66854990583804
4774,120898.037978,120898.037978,121515.037978,120898.037978,121515.037978,623.94125,617,64.72
4644,118174.037978,118174.037978,121657.037978,118174.037978,121657.037978,3491.921618852459,3483,64.1639344262295
4390,111185.037978,111185.037978,121689.404645,111185.037978,120311.037978,9126.0,9126,61.298159509202456
4800,121714.037978,121714.037978,121754.037978,121714.037978,121754.037978,41.45833333333333,40,66.33333333333333
4789,121398.037978,121398.037978,121803.037978,121398.037978,121803.037978,410.315625,405,64.84
4443,112475.037978,112475.037978,121844.704644,112475.037978,121051.037978,8576.0,8576,61.124653739612185
4781,121136.037978,121136.037978,121858.037978,121136.037978,121858.037978,729.5975765306123,722,64.6734693877551
4782,121140.037978,121140.037978,121867.037978,121140.037978,121867.037978,735.8093112244898,727,64.77551020408163
4807,121840.037978,121840.037978,121910.037978,121840.037978,121910.037978,76.24999999999999,70,69.71428571428571
4799,121610.037978,121610.037978,121926.037978,121610.037978,121926.037978,336.490625,316,68.15
4797,121579.037978,121579.037978,121934.037978,121579.037978,121934.037978,376.2228260869565,355,67.82608695652173
4538,114974.037978,114974.037978,121946.037978,114974.037978,121946.037978,6972.0,6972,60.99444444444445
4796,121514.037978,121514.037978,121950.037978,121514.037978,121950.037978,459.6004464285714,436,67.46428571428571
4785,121274.037978,121274.037978,121985.037978,121274.037978,121985.037978,728.2308673469388,711,65.55102040816327
4603,116807.037978,116807.037978,122000.037978,116807.037978,122000.037978,5193.0,5193,61.97303921568628
4666,118924.037978,118924.037978,122027.037978,118924.037978,122027.037978,3200.8223481514087,3103,66.01760563380282
4783,121144.037978,121144.037978,122075.037978,121144.037978,122075.037978,951.0885416666666,931,65.38095238095238
4790,121425.037978,121425.037978,122076.037978,121425.037978,122076.037978,676.090625,651,66.46666666666667
4784,121246.037978,121246.037978,122083.037978,121246.037978,122083.037978,856.8351562500001,837,65.51666666666667
4793,121466.037978,121466.037978,122090.037978,121466.037978,122090.037978,650.7065217391305,624,66.73913043478261
4802,121765.037978,121765.037978,122133.037978,121765.037978,122133.037978,387.61764705882354,368,67.41176470588235
4792,121457.037978,121457.037978,122145.037978,121457.037978,122145.037978,715.8235294117648,688,66.58823529411765
4794,121470.037978,121470.037978,122207.037978,121470.037978,122207.037978,768.1599264705882,737,66.70588235294117
4630,117977.037978,117977.037978,122240.037978,117977.037978,122240.037978,4267.308962264151,4263,64.06469002695418
4304,108804.037978,109464.037978,122240.67131,109023.037978,118633.037978,9610.0,9610,62.46634615384615
4806,121831.037978,121831.037978,122249.037978,121831.037978,122249.037978,439.38984375,418,67.275
4823,122222.037978,122222.037978,122273.237978,122222.037978,122273.237978,274.2857142857143,256,68.57142857142857
4795,121492.037978,121492.037978,122299.037978,121492.037978,122299.037978,844.19765625,807,66.95
4818,122119.037978,122119.037978,122309.037978,122119.037978,122309.037978,199.23611111111111,190,67.11111111111111
4777,120973.037978,120973.037978,122313.037978,120973.037978,122313.037978,1378.6225728155339,1340,65.84466019417475
4816,122084.037978,122084.037978,122360.037978,122084.037978,122360.037978,287.9423076923077,276,66.76923076923077
4595,116552.037978,116552.037978,122409.037978,116552.037978,122409.037978,5857.0,5857,62.038709677419355
4820,122208.037978,122208.037978,122427.037978,122208.037978,122427.037978,230.75339673913044,219,67.43478260869566
4828,122324.037978,122324.037978,122463.037978,122324.037978,122463.037978,147.6875,139,68.0
4804,121777.037978,121777.037978,122482.037978,121777.037978,122482.037978,742.3808913934425,705,67.39344262295081
4819,122156.037978,122156.037978,122488.037978,122156.037978,122488.037978,349.90524193548384,332,67.45161290322581
4803,121770.037978,121770.037978,122490.037978,121770.037978,122490.037978,758.5227272727273,720,67.42424242424242
4814,122037.037978,122037.037978,122493.037978,122037.037978,122493.037978,477.86079545454544,456,67.06818181818181
4805,121779.037978,121779.037978,122587.037978,121779.037978,122587.037978,851.6464285714286,808,67.45714285714286
4179,105801.037978,105801.037978,122593.754644,105801.037978,115722.037978,9921.0,9921,63.29587155963303
4810,121946.037978,121946.037978,122606.037978,121946.037978,122606.037978,692.828125,660,67.18333333333334
4825,122272.037978,122272.037978,122640.037978,122272.037978,122640.037978,389.7421875,368,67.78125
4831,122395.037978,122395.037978,122656.037978,122395.037978,122656.037978,278.4247159090909,261,68.27272727272727
4815,122077.037978,122077.037978,122661.037978,122077.037978,122661.037978,614.3581730769231,584,67.32692307692308
4536,114929.037978,114929.037978,122672.717148,114929.037978,122569.037978,7640.0,7640,61.65296052631579
4812,121994.037978,121994.037978,122719.037978,121994.037978,122719.037978,760.4700307377049,725,67.1311475409836
4552,115298.037978,115298.037978,122727.037978,115298.037978,122727.037978,7429.0,7429,61.7595818815331
4808,121880.037978,121880.037978,122750.037978,121880.037978,122750.037978,911.898544520548,870,67.08219178082192
4835,122487.037978,122487.037978,122795.037978,122487.037978,122795.037978,319.2989130434782,308,66.34782608695652
4817,122107.037978,122107.037978,122798.037978,122107.037978,122798.037978,720.9281798245613,691,66.7719298245614
4833,122451.037978,122451.037978,122842.037978,122451.037978,122842.037978,404.440625,391,66.2
4827,122316.037978,122316.037978,122921.037978,122316.037978,122921.037978,626.0069444444445,605,66.22222222222223
4447,112551.037978,113288.037978,122943.121311,112639.037978,121550.037978,8911.0,8911,61.7167701863354
4665,118924.037978,118924.037978,122967.037978,118924.037978,122967.037978,4173.182924723757,4043,66.06077348066299
4839,122585.037978,122585.037978,122989.037978,122585.037978,122989.037978,413.16330645161287,404,65.45161290322581
4703,119717.037978,119717.037978,122994.037978,119717.037978,122994.037978,3493.561162243151,3277,68.22945205479452
4847,122878.037978,122878.037978,123066.037978,122878.037978,123066.037978,194.71428571428572,188,66.28571428571429
4524,114528.037978,114528.037978,123109.954645,114528.037978,122793.037978,8265.0,8265,61.732115677321154
4829,122326.037978,122326.037978,123125.037978,122326.037978,123125.037978,827.9111842105262,799,66.3157894736842
4853,123029.037978,123029.037978,123138.204645,123029.037978,123138.204645,679.306640625,655,66.375
4851,122945.037978,122945.037978,123151.037978,122945.037978,123151.037978,641.537109375,618,66.4375
4849,122920.037978,122920.037978,123155.037978,122920.037978,123155.037978,243.91741071428572,235,66.42857142857143
4838,122559.037978,122559.037978,123164.037978,122559.037978,123164.037978,621.0292119565217,605,65.69565217391305
4832,122424.037978,122424.037978,123180.037978,122424.037978,123180.037978,780.7681451612902,756,66.09677419354838
4836,122510.037978,122510.037978,123194.037978,122510.037978,123194.037978,702.6041666666667,684,65.74074074074075
4821,122219.037978,122219.037978,123206.037978,122219.037978,123206.037978,1024.1939338235293,987,66.41176470588235
4860,123176.037978,123176.037978,123224.037978,123176.037978,123224.037978,49.59375,48,66.125
4843,122781.037978,122781.037978,123226.037978,122781.037978,123226.037978,455.5144817073171,445,65.51219512195122
4826,122299.037978,122299.037978,123336.037978,122299.037978,123336.037978,1071.6341796875,1037,66.1375
4856,123117.037978,123117.037978,123352.037978,123117.037978,123352.037978,241.00852272727275,235,65.63636363636364
4865,123336.037978,123336.037978,123392.037978,123336.037978,123392.037978,57.166666666666664,56,65.33333333333333
4380,110792.037978,111740.037978,123465.171311,110996.037978,120332.037978,9336.0,9336,62.267748478701826
4842,122776.037978,122776.037978,123544.037978,122776.037978,123544.037978,793.7704918032788,768,66.14754098360656
4864,123321.037978,123321.037978,123558.037978,123321.037978,123558.037978,251.99765625,237,68.05
4846,122859.037978,122859.037978,123575.037978,122859.037978,123575.037978,748.5811403508771,716,66.91228070175438
4811,121953.037978,121953.037978,123593.037978,121953.037978,123593.037978,1710.46875,1640,66.75
4791,121429.037978,121429.037978,123596.037978,121429.037978,123596.037978,2260.3148251488096,2167,66.75595238095238
4871,123454.037978,123454.037978,123634.037978,123454.037978,123634.037978,201.31578947368422,180,71.57894736842105
4844,122802.037978,122802.037978,123648.037978,122802.037978,123648.037978,890.5160845588236,846,67.36764705882354
4881,123630.037978,123630.037978,123673.037978,123630.037978,123673.037978,49.046875,43,73.0
4877,123533.037978,123533.037978,123675.037978,123533.037978,123675.037978,161.275390625,142,72.6875
4729,120053.037978,120053.037978,123680.037978,120053.037978,123680.037978,3886.564453125,3627,68.5801282051282
4640,118098.037978,118098.037978,123736.037978,118098.037978,123736.037978,5741.824776785715,5638,65.17857142857143
4841,122751.037978,122751.037978,123739.037978,122751.037978,123739.037978,1040.6804687499998,988,67.4125
4861,123176.037978,123176.037978,123741.037978,123176.037978,123741.037978,610.6759510869565,565,69.17391304347827
4852,122952.037978,122952.037978,123751.037978,122952.037978,123751.037978,852.3423295454545,799,68.27272727272727
4867,123360.037978,123360.037978,123767.037978,123360.037978,123767.037978,447.80598958333337,407,70.41666666666667
4845,122849.037978,122849.037978,123779.037978,122849.037978,123779.037978,986.2620192307693,930,67.87179487179488
4848,122915.037978,122915.037978,123814.037978,122915.037978,123814.037978,955.5523538961038,899,68.02597402597402
4772,120846.037978,120846.037978,123844.037978,120846.037978,123844.037978,3125.406923491379,2998,66.71982758620689
4862,123191.037978,123191.037978,123862.037978,123191.037978,123862.037978,722.4137620192308,671,68.90384615384616
4887,123862.037978,123862.037978,123884.037978,123862.037978,123884.037978,67.03125,66,65.0
4868,123368.037978,123368.037978,123929.037978,123368.037978,123929.037978,609.4101562499999,561,69.52272727272727
4863,123223.037978,123223.037978,123968.037978,123223.037978,123968.037978,797.5906808035713,745,68.51785714285714
4866,123352.037978,123352.037978,123983.037978,123352.037978,123983.037978,679.9024999999999,631,68.96
4854,123060.037978,123060.037978,124013.037978,123060.037978,124013.037978,1009.1262019230769,953,67.76923076923077
4882,123633.037978,123633.037978,124050.037978,123633.037978,124050.037978,440.82275390625,417,67.65625
4892,124015.037978,124015.037978,124055.037978,124015.037978,124055.037978,40.78125,40,65.25
4878,123568.037978,123568.037978,124076.037978,123568.037978,124076.037978,541.2619047619047,508,68.19047619047619
4885,123758.037978,123758.037978,124088.537978,123758.037978,124088.537978,674.3404947916667,661,65.29166666666667
4857,123140.037978,123140.037978,124119.037978,123140.037978,124119.037978,1032.2557870370372,979,67.48148148148148
4889,123941.037978,123941.037978,124184.037978,123941.037978,124184.037978,982.1250000000001,972,64.66666666666667
4872,123479.037978,123479.037978,124229.037978,123479.037978,124229.037978,797.0671106557378,750,68.01639344262296
4898,124191.037978,124191.037978,124230.037978,124191.037978,124230.037978,40.421875,39,66.33333333333333
4876,123531.037978,123531.037978,124241.037978,123531.037978,124241.037978,752.7109374999999,710,67.85
4834,122484.037978,122484.037978,124249.037978,122484.037978,124249.037978,1842.8097098214284,1765,66.82142857142857
4455,112876.037978,113842.037978,124258.537978,113102.037978,122462.037978,9360.0,9360,62.347144456886895
4888,123918.037978,123918.037978,124260.037978,123918.037978,124260.037978,347.86088709677415,342,65.09677419354838
4689,119431.037978,119431.037978,124269.037978,119431.037978,124269.037978,5095.302670187793,4838,67.40375586854461
4873,123500.037978,123500.037978,124271.037978,123500.037978,124271.037978,815.1128216911764,771,67.66176470588235
4869,123403.037978,123403.037978,124381.037978,123403.037978,124381.037978,1031.3825000000002,978,67.49333333333334
4879,123575.037978,123575.037978,124399.037978,123575.037978,124399.037978,858.3333333333334,824,66.66666666666667
4880,123607.037978,123607.037978,124407.037978,123607.037978,124407.037978,828.6885245901641,800,66.29508196721312
4654,118641.037978,118641.037978,124426.037978,118641.037978,124426.037978,5942.772727272728,5785,65.74545454545455
4899,124197.037978,124197.037978,124430.037978,124197.037978,124430.037978,233.0,233,63.8421052631579
4893,124024.037978,124024.037978,124447.037978,124024.037978,124447.037978,423.0,423,63.75757575757576
4895,124113.037978,124113.037978,124458.037978,124113.037978,124458.037978,345.0,345,63.32142857142857
4874,123505.037978,123505.037978,124481.037978,123505.037978,124481.037978,1013.0632911392405,976,66.43037974683544
4875,123520.037978,123520.037978,124482.037978,123520.037978,124482.037978,996.0581487341773,962,66.26582278481013
4891,123987.037978,123987.037978,124516.037978,123987.037978,124516.037978,529.0,529,63.0
4900,124211.037978,124211.037978,124559.037978,124211.037978,124559.037978,348.0,348,61.76923076923077
4883,123651.037978,123651.037978,124597.037978,123651.037978,124597.037978,947.4995471014493,946,64.10144927536231
4830,122384.037978,122384.037978,124600.037978,122384.037978,124600.037978,2279.782894736842,2216,65.84210526315789
4884,123727.037978,123727.037978,124603.037978,123727.037978,124603.037978,876.0,876,63.343283582089555
4886,123793.037978,123793.037978,124631.037978,123793.037978,124631.037978,838.0,838,62.31147540983606
4512,114224.037978,114310.037978,124638.782422,114310.037978,123448.037978,9138.0,9138,62.1635687732342
4901,124222.037978,124222.037978,124751.037978,124222.037978,124751.037978,529.0,529,59.025
4905,124435.037978,124435.037978,124754.037978,124435.037978,124754.037978,319.0,319,55.708333333333336
4890,123944.037978,123944.037978,124862.037978,123944.037978,124862.037978,918.0,918,60.74285714285714
4725,119992.037978,119992.037978,124865.037978,119992.037978,124857.037978,5107.650862068966,4865,67.19211822660098
4919,124768.037978,124768.037978,124968.037978,124768.037978,124968.037978,200.0,200,63.07692307692308
4903,124350.037978,124350.037978,124997.037978,124350.037978,124997.037978,647.0,647,58.89795918367347
4688,119411.037978,119411.037978,125024.037978,119411.037978,125014.037978,5821.775802453028,5603,66.49895615866389
4562,115592.037978,115708.037978,125072.787978,115684.371311,124683.371311,8999.0,8999,62.46049046321526
4931,125028.037978,125028.037978,125096.037978,125028.037978,125096.037978,70.83333333333334,68,66.66666666666667
4897,124154.037978,124154.037978,125127.037978,124154.037978,125127.037978,973.0,973,60.95774647887324
4909,124620.037978,124620.037978,125142.037978,124620.037978,125142.037978,522.0,522,61.425
4837,122515.037978,122515.037978,125165.037978,122515.037978,125165.037978,2683.616955445545,2650,64.81188118811882
4923,124842.037978,124842.037978,125170.037978,124842.037978,125170.037978,338.43981481481484,328,66.03703703703704
4927,124962.037978,124962.037978,125215.037978,124962.037978,125215.037978,264.5,253,66.9090909090909
4937,125159.037978,125159.037978,125216.037978,125159.037978,125216.037978,61.15625000000001,57,68.66666666666667
4932,125099.037978,125099.037978,125235.037978,125099.037978,125235.037978,142.98214285714286,136,67.28571428571429
4904,124381.037978,124381.037978,125276.037978,124381.037978,125276.037978,895.0,895,61.36231884057971
4933,125133.037978,125133.037978,125295.371311,125133.037978,125295.371311,511.25488281249994,487,67.1875
4910,124637.037978,124637.037978,125302.037978,124637.037978,125302.037978,665.0,665,63.25
4935,125137.037978,125137.037978,125303.037978,125137.037978,125303.037978,173.93382352941177,166,67.05882352941177
4922,124818.037978,124818.037978,125316.037978,124818.037978,125316.037978,512.58984375,498,65.875
4855,123084.037978,123084.037978,125415.037978,123084.037978,125415.037978,2361.121875,2331,64.82702702702703
4911,124652.037978,124652.037978,125449.037978,124652.037978,125449.037978,799.0414959016392,797,64.1639344262295
4913,124673.037978,124673.037978,125454.037978,124673.037978,125454.037978,789.002049180328,781,64.65573770491804
4925,124910.037978,124910.037978,125462.037978,124910.037978,125462.037978,574.4999999999999,552,66.6086956521739
4943,125352.037978,125352.037978,125471.037978,125352.037978,125471.037978,125.66276041666667,119,67.58333333333333
4934,125135.037978,125135.037978,125533.037978,125135.037978,125533.037978,416.83392857142854,398,67.02857142857142
4951,125510.037978,125510.037978,125576.037978,125510.037978,125576.037978,70.125,66,68.0
4908,124586.037978,124586.037978,125576.037978,124586.037978,125576.037978,990.0,990,63.6625
4926,124942.037978,124942.037978,125590.037978,124942.037978,125590.037978,676.4999999999999,648,66.81481481481481
4924,124877.037978,124877.037978,125605.037978,124877.037978,125605.037978,758.1337719298247,728,66.64912280701755
4921,124776.037978,124776.037978,125607.037978,124776.037978,125607.037978,860.8846726190477,831,66.3015873015873
4915,124730.037978,124730.037978,125616.037978,124730.037978,125616.037978,904.2054794520549,886,65.31506849315069
4503,113986.037978,114096.037978,125630.704645,114008.037978,123763.037978,9755.0,9755,62.398895027624306
4940,125266.037978,125266.037978,125653.037978,125266.037978,125653.037978,402.28515624999994,387,66.52777777777777
4920,124773.037978,124773.037978,125685.037978,124773.037978,125685.037978,941.2702702702702,912,66.05405405405405
4801,121715.037978,121715.037978,125699.037978,121715.037978,125699.037978,4084.302507836991,3984,65.61128526645768
4918,124768.037978,124768.037978,125709.037978,124768.037978,125709.037978,968.1728639240507,941,65.84810126582279
4928,124963.037978,124963.037978,125723.037978,124963.037978,125723.037978,789.7735507246376,760,66.5072463768116
4958,125662.037978,125662.037978,125760.037978,125662.037978,125760.037978,101.19010416666666,98,66.08333333333333
4798,121592.037978,121592.037978,125768.037978,121592.037978,125768.037978,4282.202702702703,4176,65.62762762762763
4676,119164.037978,119164.037978,125789.287978,119164.037978,125617.037978,6678.17093639576,6453,66.23321554770318
4939,125258.037978,125258.037978,125809.037978,125258.037978,125809.037978,571.1928977272727,551,66.34545454545454
4964,125752.037978,125752.037978,125829.637978,125752.037978,125829.637978,405.51388888888886,388,66.88888888888889
4962,125731.037978,125731.037978,125896.371311,125731.037978,125896.371311,516.2692307692307,496,66.61538461538461
4966,125791.037978,125791.037978,125911.287978,125791.037978,125911.287978,501.8767361111111,481,66.77777777777777
4948,125408.037978,125408.037978,125956.037978,125408.037978,125956.037978,570.605,548,66.64
4938,125160.037978,125160.037978,125986.037978,125160.037978,125986.037978,859.5203993055557,826,66.59722222222223
4971,125945.037978,125945.037978,125989.037978,125945.037978,125989.037978,46.474999999999994,44,67.6
4946,125404.037978,125404.037978,126083.037978,125404.037978,126083.037978,708.3106461864407,679,66.76271186440678
4788,121287.037978,121287.037978,126119.037978,121287.037978,126119.037978,4952.397333333333,4832,65.59466666666667
4949,125449.037978,125449.037978,126125.037978,125449.037978,126125.037978,705.1379310344828,676,66.75862068965517
4936,125145.037978,125145.037978,126138.037978,125145.037978,126138.037978,1036.8088235294117,993,66.82352941176471
4965,125785.037978,125785.037978,126159.037978,125785.037978,126159.037978,394.34490740740745,374,67.48148148148148
4953,125546.037978,125546.037978,126163.704645,125546.037978,126163.704645,1932.3530092592596,1853,66.74074074074075
4950,125496.037978,125496.037978,126171.037978,125496.037978,126171.037978,703.9592161016949,675,66.7457627118644
4942,125305.037978,125305.037978,126175.037978,125305.037978,126175.037978,907.6999999999999,870,66.77333333333333
4980,126179.037978,126179.037978,126233.037978,126179.037978,126233.037978,57.09375,54,67.66666666666667
4945,125397.037978,125397.037978,126235.037978,125397.037978,126235.037978,876.9455128205128,838,66.97435897435898
4850,122925.037978,122925.037978,126235.037978,122925.037978,126235.037978,3385.5593633828994,3310,65.46096654275092
4974,126047.037978,126047.037978,126251.037978,126047.037978,126251.037978,216.0570652173913,204,67.78260869565217
4956,125627.037978,125627.037978,126253.037978,125627.037978,126253.037978,654.3318965517242,626,66.89655172413794
4941,125301.037978,125301.037978,126274.037978,125301.037978,126274.037978,1015.2309027777777,973,66.77777777777777
4722,119937.037978,120063.287978,126313.154644,119956.037978,125972.037978,6306.801498127341,6016,67.09363295880149
4957,125660.037978,125660.037978,126329.037978,125660.037978,126329.037978,698.6457479508198,669,66.8360655737705
4977,126104.037978,126104.037978,126385.037978,126104.037978,126385.037978,294.32868303571433,281,67.03571428571429
4963,125744.037978,125744.037978,126385.037978,125744.037978,126385.037978,671.046875,641,67.0
4981,126198.037978,126198.037978,126437.037978,126198.037978,126437.037978,248.43421052631578,239,66.52631578947368
4982,126214.037978,126214.037978,126446.037978,126214.037978,126446.037978,962.3421052631579,928,66.36842105263158
4952,125540.037978,125540.037978,126462.037978,125540.037978,126462.037978,958.195703125,922,66.5125
4975,126068.037978,126068.037978,126505.037978,126068.037978,126505.037978,452.7572115384615,437,66.3076923076923
4778,121051.037978,121051.037978,126523.037978,121051.037978,126523.037978,5605.175115207373,5472,65.55760368663594
4840,122590.037978,122590.037978,126527.037978,122590.037978,126527.037978,4018.758785942492,3937,65.32907348242811
4929,124984.037978,124984.037978,126539.037978,124984.037978,126539.037978,1612.9105968045112,1555,66.38345864661655
4968,125851.037978,125851.037978,126567.037978,125851.037978,126567.037978,738.9638157894738,716,66.05263157894737
4961,125718.037978,125718.037978,126592.037978,125718.037978,126592.037978,901.8895246478875,874,66.04225352112677
4984,126230.037978,126230.037978,126643.037978,126230.037978,126643.037978,416.01145833333334,413,64.46666666666667
4715,119835.037978,119835.037978,126644.487978,119835.037978,126165.037978,6620.580950797873,6330,66.93794326241135
4979,126171.037978,126171.037978,126725.037978,126171.037978,126725.037978,554.8445121951219,554,64.09756097560975
4554,115321.037978,115962.037978,126773.237978,115461.787978,125360.787978,9899.0,9899,62.95608108108108
4987,126316.037978,126316.037978,126780.037978,126316.037978,126780.037978,464.0,464,62.206896551724135
4969,125902.037978,125902.037978,126787.037978,125902.037978,126787.037978,898.6217350746268,885,64.98507462686567
4978,126126.037978,126126.037978,126851.037978,126126.037978,126851.037978,725.0,725,63.943396226415096
4605,116865.037978,116865.037978,126890.737978,116865.037978,126253.037978,9388.0,9388,63.627700127064806
4997,126744.037978,126744.037978,126924.037978,126744.037978,126924.037978,180.0,180,60.111111111111114
4756,120422.037978,120422.037978,126958.237978,120422.037978,126774.037978,6538.338932806323,6352,65.87747035573122
4983,126229.037978,126229.037978,126999.037978,126229.037978,126999.037978,770.0,770,62.808510638297875
4746,120313.037978,120422.037978,127005.237978,120359.037978,126750.037978,6615.966214622641,6391,66.25283018867924
4973,126011.037978,126011.037978,127008.037978,126011.037978,127008.037978,997.0,997,63.791044776119406
4954,125612.037978,125612.037978,127011.037978,125612.037978,127011.037978,1410.139873798077,1399,64.50961538461539
4822,122222.037978,122222.037978,127045.037978,122222.037978,127045.037978,4906.665112567204,4823,65.11021505376344
4986,126309.037978,126309.037978,127103.037978,126309.037978,127103.037978,794.0,794,60.674418604651166
4998,126761.037978,126761.037978,127108.037978,126761.037978,127108.037978,347.0,347,56.8125
4995,126673.037978,126673.037978,127124.037978,126673.037978,127124.037978,451.0,451,57.04761904761905
4991,126503.037978,126503.037978,127139.037978,126503.037978,127139.037978,636.0,636,58.411764705882355
4992,126521.037978,126521.037978,127196.037978,126521.037978,127196.037978,675.0,675,57.75757575757576
4972,125972.037978,125972.037978,127204.037978,125972.037978,127204.037978,3607.1538461538457,3696,62.46153846153846
4967,125814.037978,125829.637978,127297.907978,125829.637978,127223.407978,6552.832563920455,6687,62.71590909090909
4990,126488.037978,126488.037978,127307.037978,126488.037978,127307.037978,819.0,819,57.17948717948718
4996,126673.037978,126673.037978,127338.037978,126673.037978,127338.037978,665.0,665,54.30769230769231
4993,126540.037978,126540.037978,127383.037978,126540.037978,127383.037978,843.0,843,55.11764705882353
4780,121132.037978,121132.037978,127407.037978,121132.037978,127407.037978,6343.823400377971,6275,64.70194384449245
4717,119846.037978,119846.037978,127508.037978,119846.037978,126761.037978,7156.055675590219,6915,66.2310286677909
4999,126791.037978,126791.037978,127533.037978,126791.037978,127533.037978,742.0,742,49.95652173913044
4944,125365.037978,125365.037978,127541.037978,125365.037978,127541.037978,2176.0,2176,62.864285714285714
4994,126662.037978,126662.037978,127549.037978,126662.037978,127549.037978,887.0,887,51.94117647058823
4683,119289.037978,119289.037978,127783.037978,119289.037978,126986.037978,7882.066281392695,7697,65.53881278538813
4770,120843.037978,120843.037978,127982.837978,120843.037978,127913.037978,7125.458904979675,7070,64.5020325203252
4989,126462.037978,126462.037978,128054.037978,126462.037978,128054.037978,1592.0,1592,53.52
4632,117998.037978,117998.037978,128273.871311,117998.037978,127198.037978,9205.13392857143,9200,64.03571428571429
4976,126090.037978,126163.704645,128308.743534,126138.037978,128126.593534,5373.886213235294,5919,58.10588235294118
4706,119751.037978,119751.037978,128405.371311,119751.037978,127319.037978,7766.683035714285,7568,65.6801948051948
4917,124756.037978,124756.037978,128494.037978,124756.037978,128451.037978,7179.299291237114,7390,62.175257731958766
4718,119849.037978,120817.037978,128618.954644,120025.037978,127583.037978,7752.081104892206,7558,65.64344941956882
4896,124113.037978,124113.037978,128813.037978,124113.037978,128813.037978,4700.0,4700,61.40816326530612
4859,123173.037978,123173.037978,129109.037978,123173.037978,129109.037978,5936.0,5936,62.746875
4636,118046.037978,118046.037978,129201.874436,118046.037978,127623.037978,9577.0,9577,63.78996036988111
4701,119580.037978,119694.037978,129362.904645,119676.037978,127819.037978,8294.717961356468,8143,65.19242902208202
4649,118453.037978,118453.037978,129592.237978,118453.037978,127697.037978,9244.0,9244,63.91132332878581
4858,123146.037978,123146.037978,130275.037978,123146.037978,130131.037978,6985.0,6985,62.32012195121951
4728,120019.037978,120828.537978,130315.621311,120167.037978,128758.037978,8735.369520763423,8591,65.0755033557047
4906,124463.037978,124463.037978,130354.037978,124463.037978,130354.037978,5891.0,5891,60.01777777777778
4914,124681.037978,124681.037978,130399.037978,124681.037978,130399.037978,5718.0,5718,60.24401913875598
4985,126270.037978,126270.037978,130766.037978,126270.037978,130766.037978,4496.0,4496,49.922077922077925
4916,124755.037978,124755.037978,131087.037978,124755.037978,131087.037978,6332.0,6332,59.90338164251208
4761,120485.037978,121093.037978,131272.771312,120678.037978,129845.037978,9167.0,9167,63.531716417910445
4912,124655.037978,124655.037978,131370.637978,124655.037978,131332.037978,6677.0,6677,59.395348837209305
4894,124074.037978,124074.037978,131573.637978,124074.037978,131522.037978,7448.0,7448,59.44274809160305
4809,121906.037978,122027.037978,131752.387978,121950.037978,130665.037978,8715.0,8715,62.36986301369863
4930,124999.037978,124999.037978,131857.637978,124999.037978,131708.037978,6709.0,6709,58.51546391752577
4988,126339.037978,126339.037978,131993.037978,126339.037978,131993.037978,5654.0,5654,45.58974358974359
4824,122228.037978,122299.037978,133233.871311,122273.237978,131256.237978,8983.0,8983,61.695863746958636
4960,125708.037978,125708.037978,133413.037978,125708.037978,132719.037978,7011.0,7011,53.86029411764706
4970,125909.037978,126446.037978,133520.037978,125986.037978,133056.037978,7070.0,7070,51.60504201680672
4813,122000.037978,122076.037978,134050.871311,122075.037978,131510.037978,9435.0,9435,61.52193995381062
4959,125673.037978,125673.037978,134335.237978,125673.037978,133488.037978,7815.0,7815,53.15492957746479
4751,120353.037978,121093.037978,134693.300481,120551.037978,130378.037978,9827.0,9827,62.95430579964851
4955,125618.037978,125618.037978,134989.704645,125618.037978,133857.037978,8239.0,8239,52.986666666666665
4907,124583.037978,124583.037978,135237.521311,124583.037978,133443.037978,8860.0,8860,56.64556962025316
4870,123427.037978,124184.037978,135626.037978,123575.037978,133015.037978,9440.0,9440,59.027692307692305
4947,125408.037978,126958.237978,135809.237978,125471.037978,134322.037978,8851.0,8851,53.786127167630056
4902,124238.037978,124258.537978,136316.537978,124258.537978,134207.537978,9949.0,9949,56.36641221374046
